NodeId:0	0.740019802218,0.740054492268,1,15,66,96
NodeId:1	1.22726821377,1.22733159682,37,72
NodeId:10	0.890669330304,0.890713275325,4,6,38,67,78,80
NodeId:11	0.648686269321,0.648717084388,6,28,40,49,51,67,89
NodeId:12	0.9967221859,0.996768237621,24,28,50,55,67,85,98
NodeId:13	0.906780990596,0.906823915892,25,32,33,35,76
NodeId:14	0.330011464769,0.330020645387,36,39,44,62,98
NodeId:15	1.21073506394,1.21079778707,47,70,79,95,97
NodeId:16	0.624184972554,0.624213642449,45,52,67,80
NodeId:17	0.552158405071,0.552181119106,18,39,41,53,63,72,79,99
NodeId:18	1.04061121328,1.04066069279,52,61,62,87
NodeId:19	0.882608113616,0.882651360856,27,33,37,45,92
NodeId:2	1.0146128855,1.01466285137,31,63
NodeId:20	1.14941931873,1.1494776716,7,94
NodeId:21	9.10057393698,9.09613466226
NodeId:22	1.04551849994,1.04557126153,25,65,72,83,97
NodeId:23	0.569963408013,0.569988090563,92,99
NodeId:24	1.01856815743,1.01861561517,9,10,18,38,55,93,94
NodeId:25	0.813236084987,0.813274253714,63
NodeId:26	0.834319492927,0.834359543255,15,23,28,64
NodeId:27	1.33155965708,1.33162798199,32,68,70,92
NodeId:28	0.877369767853,0.877411695515,21,25,72
NodeId:29	0.863784941942,0.863828451697,18,23,31,36,86
NodeId:3	0.742829397797,0.742865775237,30,42,45,86
NodeId:30	0.868868895584,0.868909601296,80,84,95
NodeId:31	2.1363205587,2.13643803047,29,36,46,49,54,62,70,85
NodeId:32	0.977226034966,0.977273387006,2,3,6,27,47,69,71,91
NodeId:33	0.995459268316,0.995510007721,2,56,58,86
NodeId:34	0.967338944301,0.967388980722,0,7,77,78
NodeId:35	0.496960687396,0.496978341333,12,18,62,64,65,66,83,91
NodeId:36	0.769325716783,0.769360989034,12,20,30,34,61,75,77,99
NodeId:37	1.31431017348,1.31437921365,40,59,71,97
NodeId:38	1.16162325571,1.16168080394,30,41,98
NodeId:39	1.1522000711,1.15225898131,31,43,68,71,92
NodeId:4	0.741509766899,0.741545610438,24,42,46,86
NodeId:40	0.727863235376,0.727897368284,7,71,72,73
NodeId:41	0.946395001406,0.946439524523,44,45,49,66
NodeId:42	0.572506662587,0.572530958531,36,45,70,89,99
NodeId:43	0.918777558394,0.918824672226,4,21,24,56,67,68,80,86,90
NodeId:44	0.627915399716,0.627942286709,17,37,38
NodeId:45	1.44079521301,1.44087060498,18,53,58,83,86,90
NodeId:46	0.817554985922,0.81759507271,78
NodeId:47	0.511271567659,0.511292533512,5,14,52,70,73
NodeId:48	0.15,0.15,18,39,61,79,89
NodeId:49	1.14250080921,1.14256118753,2,29,31,39,84
NodeId:5	0.48068243751,0.480699689784,2,9,24,50,61,81,98
NodeId:50	0.827775547059,0.827815340401,0,20,46,68
NodeId:51	0.924934483111,0.924980932137,38,45,61,71
NodeId:52	0.8423637176,0.842402875914,27,31,64,91
NodeId:53	0.601695481965,0.601721719893,2,13,65,78,95
NodeId:54	0.681543127983,0.681572523433,12,69,77
NodeId:55	0.681265915492,0.681297024715,10,19,22,25,51,58,62
NodeId:56	0.541415496423,0.541438627006,29,36,80,96,98
NodeId:57	0.816923519599,0.816963656,86,94,96,98
NodeId:58	0.865694911534,0.865736412524,16,38,71,73,78
NodeId:59	0.502578996756,0.502599175487,10,24,69,92
NodeId:6	0.691725502826,0.691756307876,15,22,58,80
NodeId:60	0.547574233641,0.54759843572,14,49,53,56,65
NodeId:61	0.733314126998,0.733345484985,6,9,18,20,99
NodeId:62	1.01707549626,1.01712628854,11,22,33,91
NodeId:63	1.72403786892,1.72412871622,3,64,65,72
NodeId:64	1.00973483738,1.00978498543,3,27,28,31,33,39,78
NodeId:65	0.98851519793,0.988563637252,27,88
NodeId:66	1.01081078625,1.0108590823,8,19,72,81,83,98
NodeId:67	0.69541659736,0.695447804641,2,26,30,31,32,45
NodeId:68	0.891543618541,0.891588381923,1,6,19,28,40,81,85
NodeId:69	0.881705747006,0.881746708139,12,22,42,46,55,72,88
NodeId:7	0.998776359594,0.998827395727,12,21,38,57,93
NodeId:70	1.20435918104,1.20442288601,20,63,99
NodeId:71	1.50998366907,1.51006601818,15,16,45,84,97
NodeId:72	1.92796209016,1.92806799118,10,49,51,92,93,95
NodeId:73	0.538773111586,0.538794480412,41,50,51,84,92
NodeId:74	0.432344183812,0.432360220092,35,54,84
NodeId:75	0.434828866756,0.434845704018,29,34,37,51,54,65,85,91
NodeId:76	0.893740449416,0.893787018973,9
NodeId:77	0.630426978461,0.630454129923,0,5,32,37,40,41,44,69,79,83,85,86,87
NodeId:78	1.63195730643,1.63204330598,13,19,34,82
NodeId:79	0.984169017563,0.984216959863,0,26,43,74,90
NodeId:8	0.344805683147,0.344816065203,13,41,59,87
NodeId:80	1.18333388784,1.18339329189,31,79
NodeId:81	0.587004232831,0.587028175113,5,21,26,78,93,96
NodeId:82	0.676280692757,0.676314129053,2,23,24,32,52,53
NodeId:83	1.27069066797,1.27075592561,1,4,10,18,27,29,70
NodeId:84	1.0612348027,1.06128737796,9,21
NodeId:85	0.693721344251,0.693753713446,32,54,57,64,69,90,99
NodeId:86	1.329562132,1.32963262591,11,60,71,95
NodeId:87	0.485635811876,0.485653143412,8,19,20,27,30,47,54,63
NodeId:88	1.26678917268,1.26685757814,21,26,44,50,55,82
NodeId:89	0.578905227165,0.578929312169,16,32,35,38,40,57,58
NodeId:9	1.66749454981,1.66758436125,33,39,41,43,51,69,80
NodeId:90	0.916701050776,0.916747190484,1,26,52,93,96
NodeId:91	0.747991549634,0.748024800212,12,24,66,81,95
NodeId:92	1.61206937591,1.61215426185,22,34,39,57
NodeId:93	0.955642008866,0.95569064316,15,43,66,75
NodeId:94	1.05520020752,1.05525375923,4,17,20,90
NodeId:95	1.38717348434,1.38724796168,76,88
NodeId:96	0.811920270288,0.811957416247,12,13,24,31,60,74
NodeId:97	1.06959954425,1.06965729598,37,50,62,89
NodeId:98	1.12350760407,1.12356123485,5,13,15,28,49,66,92,94
NodeId:99	1.18015245626,1.18020995666,1,83
