NodeId:0	0.740461827917,0.740582986566,1,15,66,96
NodeId:1	1.22807584992,1.2282972219,37,72
NodeId:10	0.891229284226,0.891382766881,4,6,38,67,78,80
NodeId:11	0.649078919392,0.649186544277,6,28,40,49,51,67,89
NodeId:12	0.997308983682,0.997469824262,24,28,50,55,67,85,98
NodeId:13	0.907327951016,0.90747787217,25,32,33,35,76
NodeId:14	0.330128445555,0.330160509805,36,39,44,62,98
NodeId:15	1.21153429134,1.21175335858,47,70,79,95,97
NodeId:16	0.624550288549,0.624650421212,45,52,67,80
NodeId:17	0.552447830619,0.55252716186,18,39,41,53,63,72,79,99
NodeId:18	1.04124168842,1.04141450083,52,61,62,87
NodeId:19	0.883159176291,0.883310221874,27,33,37,45,92
NodeId:2	1.01524955794,1.015424069,31,63
NodeId:20	1.15016285952,1.15036666326,7,94
NodeId:21	9.04400804617,9.02850341168
NodeId:22	1.04619079579,1.0463750712,25,65,72,83,97
NodeId:23	0.570277916681,0.570364123153,92,99
NodeId:24	1.019172871,1.01933862213,9,10,18,38,55,93,94
NodeId:25	0.813722436528,0.813855744789,63
NodeId:26	0.834829820088,0.834969700013,15,23,28,64
NodeId:27	1.33243026317,1.33266889523,32,68,70,92
NodeId:28	0.877904016286,0.878050453116,21,25,72
NodeId:29	0.86433934965,0.864491312028,18,23,31,36,86
NodeId:3	0.743292924474,0.743419976532,30,42,45,86
NodeId:30	0.869387573737,0.869529742775,80,84,95
NodeId:31	2.13781740126,2.13822768387,29,36,46,49,54,62,70,85
NodeId:32	0.977829401638,0.977994783538,2,3,6,27,47,69,71,91
NodeId:33	0.996105797283,0.996283009977,2,56,58,86
NodeId:34	0.967976515699,0.968151273178,0,7,77,78
NodeId:35	0.497185636452,0.497247294635,12,18,62,64,65,66,83,91
NodeId:36	0.769775160995,0.769898353055,12,20,30,34,61,75,77,99
NodeId:37	1.31518989355,1.31543102366,40,59,71,97
NodeId:38	1.16235654377,1.16255753703,30,41,98
NodeId:39	1.1529507137,1.15315646382,31,43,68,71,92
NodeId:4	0.741966490516,0.742091677885,24,42,46,86
NodeId:40	0.728298161895,0.728417374637,7,71,72,73
NodeId:41	0.946962321518,0.94711782316,44,45,49,66
NodeId:42	0.572816245104,0.572901101225,36,45,70,89,99
NodeId:43	0.919377889766,0.91954243972,4,21,24,56,67,68,80,86,90
NodeId:44	0.628257997737,0.628351903371,17,37,38
NodeId:45	1.44175586866,1.44201918306,18,53,58,83,86,90
NodeId:46	0.818065777688,0.818205784965,78
NodeId:47	0.511538717624,0.511611943091,5,14,52,70,73
NodeId:48	0.15,0.15,18,39,61,79,89
NodeId:49	1.14327015864,1.14348103626,2,29,31,39,84
NodeId:5	0.480902268524,0.480962523925,2,9,24,50,61,81,98
NodeId:50	0.828282599691,0.82842158205,0,20,46,68
NodeId:51	0.925526343451,0.925688571623,38,45,61,71
NodeId:52	0.842862678616,0.842999443107,27,31,64,91
NodeId:53	0.602029809494,0.602121448164,2,13,65,78,95
NodeId:54	0.681917689125,0.682020355816,12,69,77
NodeId:55	0.681662313805,0.681770965969,10,19,22,25,51,58,62
NodeId:56	0.541710229712,0.54179101567,29,36,80,96,98
NodeId:57	0.817434943482,0.81757512416,86,94,96,98
NodeId:58	0.866223723232,0.866368669789,16,38,71,73,78
NodeId:59	0.502836117101,0.502906593374,10,24,69,92
NodeId:6	0.692118025281,0.69222561521,15,22,58,80
NodeId:60	0.547882620057,0.54796714841,14,49,53,56,65
NodeId:61	0.733713695099,0.733823216099,6,9,18,20,99
NodeId:62	1.01772269896,1.01790009635,11,22,33,91
NodeId:63	1.7251954586,1.72551275249,3,64,65,72
NodeId:64	1.0103738311,1.01054897851,3,27,28,31,33,39,78
NodeId:65	0.989132418876,0.989301598329,27,88
NodeId:66	1.01142618163,1.01159486065,8,19,72,81,83,98
NodeId:67	0.695814245144,0.695923239801,2,26,30,31,32,45
NodeId:68	0.892114000134,0.892270340893,1,6,19,28,40,81,85
NodeId:69	0.882227679763,0.882370740924,12,22,42,46,55,72,88
NodeId:7	0.999426669546,0.999604918497,12,21,38,57,93
NodeId:70	1.20517091916,1.20539341533,20,63,99
NodeId:71	1.51103297349,1.51132058634,15,16,45,84,97
NodeId:72	1.92931149656,1.929681367,10,49,51,92,93,95
NodeId:73	0.5390453963,0.539120029179,41,50,51,84,92
NodeId:74	0.432548520446,0.432604528856,35,54,84
NodeId:75	0.435043409621,0.435102215481,29,34,37,51,54,65,85,91
NodeId:76	0.894333845564,0.894496494556,9
NodeId:77	0.630772946377,0.630867775743,0,5,32,37,40,41,44,69,79,83,85,86,87
NodeId:78	1.63305312535,1.63335348795,13,19,34,82
NodeId:79	0.984779905402,0.984947348857,0,26,43,74,90
NodeId:8	0.34493797284,0.344974233286,13,41,59,87
NodeId:80	1.18409082303,1.18429829793,31,79
NodeId:81	0.587309308914,0.587392929864,5,21,26,78,93,96
NodeId:82	0.676706742963,0.676823522705,2,23,24,32,52,53
NodeId:83	1.27152219035,1.27175010954,1,4,10,18,27,29,70
NodeId:84	1.06190472443,1.06208834905,9,21
NodeId:85	0.694133797308,0.694246850114,32,54,57,64,69,90,99
NodeId:86	1.33046037578,1.33070658314,11,60,71,95
NodeId:87	0.485856652875,0.485917185079,8,19,20,27,30,47,54,63
NodeId:88	1.26766080513,1.2678997184,21,26,44,50,55,82
NodeId:89	0.579212121834,0.579296241234,16,32,35,38,40,57,58
NodeId:9	1.66863894033,1.66895261649,33,39,41,43,51,69,80
NodeId:90	0.91728896966,0.917450117491,1,26,52,93,96
NodeId:91	0.748415233335,0.748531364561,12,24,66,81,95
NodeId:92	1.61315100511,1.61344747813,22,34,39,57
NodeId:93	0.956261714194,0.956431574628,15,43,66,75
NodeId:94	1.05588257138,1.05606960626,4,17,20,90
NodeId:95	1.38812248548,1.3883826054,76,88
NodeId:96	0.812393589564,0.812523325694,12,13,24,31,60,74
NodeId:97	1.07033542527,1.07053712924,37,50,62,89
NodeId:98	1.12419097529,1.12437828636,5,13,15,28,49,66,92,94
NodeId:99	1.18088513482,1.18108596108,1,83
