NodeId:0	0.470302108181,0.499571915584,1,15,66,96
NodeId:1	0.846493819144,1.06792075008,37,72
NodeId:10	0.607900936316,0.666425008027,4,6,38,67,78,80
NodeId:11	0.369670632386,0.480374254218,6,28,40,49,51,67,89
NodeId:12	0.613724369112,0.862704169219,24,28,50,55,67,85,98
NodeId:13	0.546960445092,0.792754301948,25,32,33,35,76
NodeId:14	0.130795067637,0.127263636364,36,39,44,62,98
NodeId:15	0.813704457203,0.954817607393,47,70,79,95,97
NodeId:16	0.368954233407,0.442030017008,45,52,67,80
NodeId:17	0.312730104318,0.353156390484,18,39,41,53,63,72,79,99
NodeId:18	0.662836987902,0.859211449611,52,61,62,87
NodeId:19	0.557827270963,0.728382566839,27,33,37,45,92
NodeId:2	0.637951387858,0.723458959674,31,63
NodeId:20	0.769845175389,0.894725982178,7,94
NodeId:21	3.38948578786,2.90474095118
NodeId:22	0.707382637429,0.854319623828,25,65,72,83,97
NodeId:23	0.305759563477,0.329613311688,92,99
NodeId:24	0.63601391179,0.775635231005,9,10,18,38,55,93,94
NodeId:25	0.53554501346,0.584968748712,63
NodeId:26	0.520271674594,0.601843463019,15,23,28,64
NodeId:27	0.943270087892,1.1011791356,32,68,70,92
NodeId:28	0.581036944719,0.66878360454,21,25,72
NodeId:29	0.582241912719,0.600940374382,18,23,31,36,86
NodeId:3	0.496110660173,0.587037048517,30,42,45,86
NodeId:30	0.553745753395,0.675709264404,80,84,95
NodeId:31	1.48560786766,1.94849336778,29,36,46,49,54,62,70,85
NodeId:32	0.633813365695,0.747209711452,2,3,6,27,47,69,71,91
NodeId:33	0.690071182299,0.772981420068,2,56,58,86
NodeId:34	0.630893543835,0.845612757035,0,7,77,78
NodeId:35	0.254851114772,0.315821575448,12,18,62,64,65,66,83,91
NodeId:36	0.438189837579,0.559131786617,12,20,30,34,61,75,77,99
NodeId:37	0.934809415865,0.963191269667,40,59,71,97
NodeId:38	0.736312051342,0.949968510408,30,41,98
NodeId:39	0.763248309504,0.911191052102,31,43,68,71,92
NodeId:4	0.494447599393,0.479154965983,24,42,46,86
NodeId:40	0.411442740368,0.527289143643,7,71,72,73
NodeId:41	0.595809311514,0.792346534318,44,45,49,66
NodeId:42	0.314204344555,0.327553927967,36,45,70,89,99
NodeId:43	0.610326813297,0.707153340706,4,21,24,56,67,68,80,86,90
NodeId:44	0.360872359557,0.440959956363,17,37,38
NodeId:45	0.994990204797,1.09613534579,18,53,58,83,86,90
NodeId:46	0.519711001977,0.607253603292,78
NodeId:47	0.278239863782,0.349156040835,5,14,52,70,73
NodeId:48	0.00151515151515,0.00151515151515,18,39,61,79,89
NodeId:49	0.840449756501,0.895106103965,2,29,31,39,84
NodeId:5	0.249381605675,0.314859899475,2,9,24,50,61,81,98
NodeId:50	0.520898250515,0.579880517201,0,20,46,68
NodeId:51	0.601381686071,0.685453591076,38,45,61,71
NodeId:52	0.528084845087,0.577190376984,27,31,64,91
NodeId:53	0.338440060263,0.378163352272,2,13,65,78,95
NodeId:54	0.412583258066,0.450204495282,12,69,77
NodeId:55	0.428046527714,0.531494407378,10,19,22,25,51,58,62
NodeId:56	0.30248379686,0.295108330327,29,36,80,96,98
NodeId:57	0.510962425693,0.633712065464,86,94,96,98
NodeId:58	0.524727461797,0.668176899737,16,38,71,73,78
NodeId:59	0.248373302815,0.323115821678,10,24,69,92
NodeId:6	0.409082510007,0.48297331037,15,22,58,80
NodeId:60	0.283030812959,0.411314054001,14,49,53,56,65
NodeId:61	0.42765478854,0.546447846425,6,9,18,20,99
NodeId:62	0.687733097466,0.782086033164,11,22,33,91
NodeId:63	1.15025674152,1.46324132985,3,64,65,72
NodeId:64	0.65760676589,0.858658658306,3,27,28,31,33,39,78
NodeId:65	0.651359123157,0.779167755682,27,88
NodeId:66	0.66825236348,0.822588650932,8,19,72,81,83,98
NodeId:67	0.419731538274,0.451094434996,2,26,30,31,32,45
NodeId:68	0.580429510993,0.679731490499,1,6,19,28,40,81,85
NodeId:69	0.525564098964,0.709251446718,12,22,42,46,55,72,88
NodeId:7	0.673515347835,0.738337142025,12,21,38,57,93
NodeId:70	0.865362061617,0.958272501457,20,63,99
NodeId:71	1.01374690993,1.27853838904,15,16,45,84,97
NodeId:72	1.45327186858,1.64852860607,10,49,51,92,93,95
NodeId:73	0.286510694437,0.341457515401,41,50,51,84,92
NodeId:74	0.219056272064,0.289659702797,35,54,84
NodeId:75	0.217340642019,0.243799073322,29,34,37,51,54,65,85,91
NodeId:76	0.635614576983,0.633400000002,9
NodeId:77	0.368173555043,0.426430251172,0,5,32,37,40,41,44,69,79,83,85,86,87
NodeId:78	1.13281767601,1.21264286874,13,19,34,82
NodeId:79	0.62651168618,0.811692105466,0,26,43,74,90
NodeId:8	0.153063230899,0.198494148214,13,41,59,87
NodeId:80	0.760398433677,0.934153226354,31,79
NodeId:81	0.339313671195,0.415697677323,5,21,26,78,93,96
NodeId:82	0.400668534478,0.523713970058,2,23,24,32,52,53
NodeId:83	0.874321774453,1.19789958653,1,4,10,18,27,29,70
NodeId:84	0.702603700318,0.792449044012,9,21
NodeId:85	0.449623960024,0.502781986738,32,54,57,64,69,90,99
NodeId:86	0.879117706932,0.950410347407,11,60,71,95
NodeId:87	0.254159569014,0.329549996878,8,19,20,27,30,47,54,63
NodeId:88	0.918116031775,0.998588988395,21,26,44,50,55,82
NodeId:89	0.292666679866,0.300567505411,16,32,35,38,40,57,58
NodeId:9	1.10200939496,1.31356059734,33,39,41,43,51,69,80
NodeId:90	0.608903751388,0.685332603227,1,26,52,93,96
NodeId:91	0.429212114445,0.591137151911,12,24,66,81,95
NodeId:92	1.11631777774,1.34767237103,22,34,39,57
NodeId:93	0.630155343073,0.736083473768,15,43,66,75
NodeId:94	0.712359230871,0.876594345883,4,17,20,90
NodeId:95	0.955569940081,1.17489692738,76,88
NodeId:96	0.467903460479,0.561553853785,12,13,24,31,60,74
NodeId:97	0.731098151764,0.832370001874,37,50,62,89
NodeId:98	0.736663259222,0.957528893824,5,13,15,28,49,66,92,94
NodeId:99	0.719674369915,0.927800079212,1,83
