NodeId:0	0.227007866921,0.26892714579,1,15,66,96
NodeId:1	0.414229217862,0.491301645845,37,72
NodeId:10	0.287918203538,0.343257006594,4,6,38,67,78,80
NodeId:11	0.201567693268,0.23885888082,6,28,40,49,51,67,89
NodeId:12	0.301352321995,0.358863716483,24,28,50,55,67,85,98
NodeId:13	0.28072869131,0.333717370783,25,32,33,35,76
NodeId:14	0.0614287530815,0.073311347752,36,39,44,62,98
NodeId:15	0.409071696457,0.487495292849,47,70,79,95,97
NodeId:16	0.187600599651,0.223224555199,45,52,67,80
NodeId:17	0.149562723983,0.177462695532,18,39,41,53,63,72,79,99
NodeId:18	0.323755635237,0.384896049922,52,61,62,87
NodeId:19	0.282978551373,0.336616774968,27,33,37,45,92
NodeId:2	0.32656605574,0.387594966878,31,63
NodeId:20	0.38084001284,0.455101070702,7,94
NodeId:21	3.69828387171,3.7959759229
NodeId:22	0.345007529097,0.411584754464,25,65,72,83,97
NodeId:23	0.161343257264,0.191622990533,92,99
NodeId:24	0.310785808612,0.369837506742,9,10,18,38,55,93,94
NodeId:25	0.250477203181,0.297461162518,63
NodeId:26	0.262575335121,0.309872135865,15,23,28,64
NodeId:27	0.447162245435,0.533880918779,32,68,70,92
NodeId:28	0.274031538927,0.327379064091,21,25,72
NodeId:29	0.284723961889,0.337146813226,18,23,31,36,86
NodeId:3	0.238207992162,0.287135269419,30,42,45,86
NodeId:30	0.267383230352,0.318222291698,80,84,95
NodeId:31	0.763982580219,0.909700361297,29,36,46,49,54,62,70,85
NodeId:32	0.310148146737,0.366082927048,2,3,6,27,47,69,71,91
NodeId:33	0.33123068866,0.393841777225,2,56,58,86
NodeId:34	0.327120857529,0.389105623474,0,7,77,78
NodeId:35	0.11658175358,0.138066102859,12,18,62,64,65,66,83,91
NodeId:36	0.23164270544,0.273445618696,12,20,30,34,61,75,77,99
NodeId:37	0.450016062767,0.535039384678,40,59,71,97
NodeId:38	0.376320310898,0.447714303431,30,41,98
NodeId:39	0.38585503493,0.457203210901,31,43,68,71,92
NodeId:4	0.234700673826,0.280759249318,24,42,46,86
NodeId:40	0.223022185874,0.265615342865,7,71,72,73
NodeId:41	0.291326410495,0.346379302274,44,45,49,66
NodeId:42	0.160776946119,0.191940079365,36,45,70,89,99
NodeId:43	0.307888002241,0.365172528049,4,21,24,56,67,68,80,86,90
NodeId:44	0.176960206589,0.209577571283,17,37,38
NodeId:45	0.49302018022,0.587399677078,18,53,58,83,86,90
NodeId:46	0.26194803929,0.312321591715,78
NodeId:47	0.137733726369,0.164627323953,5,14,52,70,73
NodeId:48	0.00151515151515,0.00151515151515,18,39,61,79,89
NodeId:49	0.393965741987,0.471177327424,2,29,31,39,84
NodeId:5	0.114012607559,0.136108221586,2,9,24,50,61,81,98
NodeId:50	0.260776755794,0.308384350749,0,20,46,68
NodeId:51	0.303834560505,0.361022420031,38,45,61,71
NodeId:52	0.256341936106,0.302609559287,27,31,64,91
NodeId:53	0.172177792291,0.20395610184,2,13,65,78,95
NodeId:54	0.192852836121,0.230185483068,12,69,77
NodeId:55	0.204168762965,0.242968261374,10,19,22,25,51,58,62
NodeId:56	0.151622002208,0.182730527524,29,36,80,96,98
NodeId:57	0.26296702373,0.313391373316,86,94,96,98
NodeId:58	0.272041773488,0.323031164729,16,38,71,73,78
NodeId:59	0.132782188056,0.157668670142,10,24,69,92
NodeId:6	0.201884081738,0.241529876419,15,22,58,80
NodeId:60	0.158704236158,0.187805626437,14,49,53,56,65
NodeId:61	0.205861426031,0.244809125264,6,9,18,20,99
NodeId:62	0.331910102008,0.393352215245,11,22,33,91
NodeId:63	0.592395189884,0.706374994444,3,64,65,72
NodeId:64	0.327145789627,0.392756356822,3,27,28,31,33,39,78
NodeId:65	0.31684540574,0.380423113397,27,88
NodeId:66	0.315918911395,0.375648111631,8,19,72,81,83,98
NodeId:67	0.204647563068,0.243513790978,2,26,30,31,32,45
NodeId:68	0.292709583681,0.347716347374,1,6,19,28,40,81,85
NodeId:69	0.268111157245,0.317752312481,12,22,42,46,55,72,88
NodeId:7	0.334061311911,0.396843922241,12,21,38,57,93
NodeId:70	0.416512837726,0.494141342943,20,63,99
NodeId:71	0.536372896243,0.637519104071,15,16,45,84,97
NodeId:72	0.690249544016,0.82647996281,10,49,51,92,93,95
NodeId:73	0.14086035495,0.166238119591,41,50,51,84,92
NodeId:74	0.105722865348,0.125444987973,35,54,84
NodeId:75	0.111253684873,0.131643693275,29,34,37,51,54,65,85,91
NodeId:76	0.303148894875,0.362110943052,9
NodeId:77	0.178472913692,0.210940610405,0,5,32,37,40,41,44,69,79,83,85,86,87
NodeId:78	0.562126329544,0.668576620082,13,19,34,82
NodeId:79	0.312676476793,0.373434265898,0,26,43,74,90
NodeId:8	0.0691800314007,0.0826878461046,13,41,59,87
NodeId:80	0.389098776332,0.459722041541,31,79
NodeId:81	0.157605358639,0.187377356498,5,21,26,78,93,96
NodeId:82	0.219171936825,0.258814013851,2,23,24,32,52,53
NodeId:83	0.427371610956,0.50566080546,1,4,10,18,27,29,70
NodeId:84	0.34395975444,0.407883345572,9,21
NodeId:85	0.211749235748,0.252857031775,32,54,57,64,69,90,99
NodeId:86	0.461290480956,0.548071510649,11,60,71,95
NodeId:87	0.114669000101,0.135981779493,8,19,20,27,30,47,54,63
NodeId:88	0.446680974409,0.533535907358,21,26,44,50,55,82
NodeId:89	0.158719968505,0.187698020091,16,32,35,38,40,57,58
NodeId:9	0.585713693284,0.695713885993,33,39,41,43,51,69,80
NodeId:90	0.302073776257,0.358524660601,1,26,52,93,96
NodeId:91	0.216960005441,0.259548618107,12,24,66,81,95
NodeId:92	0.554377164251,0.661140869881,22,34,39,57
NodeId:93	0.318466437605,0.379693818218,15,43,66,75
NodeId:94	0.350611028285,0.417257696963,4,17,20,90
NodeId:95	0.486897993749,0.576239506652,76,88
NodeId:96	0.24381634431,0.287462743269,12,13,24,31,60,74
NodeId:97	0.376432876495,0.448532400325,37,50,62,89
NodeId:98	0.351810874265,0.415749786235,5,13,15,28,49,66,92,94
NodeId:99	0.375822077643,0.449396440013,1,83
