NodeId:0	0.060109719427,0.0704049205114,1,15,66,96
NodeId:1	0.108565907087,0.127380469073,37,72
NodeId:10	0.0756736853016,0.0887168902636,4,6,38,67,78,80
NodeId:11	0.0533071082796,0.0624538783182,6,28,40,49,51,67,89
NodeId:12	0.0799405738038,0.0936122454593,24,28,50,55,67,85,98
NodeId:13	0.0742890079563,0.0870307813672,25,32,33,35,76
NodeId:14	0.0172631332127,0.0199874796812,36,39,44,62,98
NodeId:15	0.107397612209,0.126015487735,47,70,79,95,97
NodeId:16	0.0498050373248,0.0583153648994,45,52,67,80
NodeId:17	0.0400405793591,0.0467839058896,18,39,41,53,63,72,79,99
NodeId:18	0.0855856636185,0.10027161666,52,61,62,87
NodeId:19	0.0745331468158,0.0873708928307,27,33,37,45,92
NodeId:2	0.0860600380138,0.10089052374,31,63
NodeId:20	0.100147060543,0.117468481623,7,94
NodeId:21	2.00350762289,2.21182547363
NodeId:22	0.0906144306302,0.10627560248,25,65,72,83,97
NodeId:23	0.043207259365,0.0505335037751,92,99
NodeId:24	0.082295270952,0.0963814553446,9,10,18,38,55,93,94
NodeId:25	0.066127170936,0.0774562487558,63
NodeId:26	0.0691952411114,0.0810815316082,15,23,28,64
NodeId:27	0.117117676263,0.137396851436,32,68,70,92
NodeId:28	0.0724781358025,0.0849231585284,21,25,72
NodeId:29	0.0747416522249,0.0876558379402,18,23,31,36,86
NodeId:3	0.0626973229447,0.0734948163918,30,42,45,86
NodeId:30	0.0705382451269,0.0826207345023,80,84,95
NodeId:31	0.199815333749,0.234685918038,29,36,46,49,54,62,70,85
NodeId:32	0.0817170266566,0.0957700912276,2,3,6,27,47,69,71,91
NodeId:33	0.0870411148964,0.102100516968,2,56,58,86
NodeId:34	0.0856899876796,0.100542537025,0,7,77,78
NodeId:35	0.0318058144642,0.03704499049,12,18,62,64,65,66,83,91
NodeId:36	0.0612886836088,0.071757944445,12,20,30,34,61,75,77,99
NodeId:37	0.118029598882,0.138522474364,40,59,71,97
NodeId:38	0.0990498698398,0.116132084763,30,41,98
NodeId:39	0.101021075365,0.118506803823,31,43,68,71,92
NodeId:4	0.0618744879081,0.0725150590523,24,42,46,86
NodeId:40	0.0591414240198,0.0692717810723,7,71,72,73
NodeId:41	0.0771138593631,0.0903286706687,44,45,49,66
NodeId:42	0.0426467856569,0.0498575526183,36,45,70,89,99
NodeId:43	0.0807655569912,0.0947490688833,4,21,24,56,67,68,80,86,90
NodeId:44	0.0471373565431,0.0551180179946,17,37,38
NodeId:45	0.128943911219,0.151322094797,18,53,58,83,86,90
NodeId:46	0.0690813441032,0.0809787576195,78
NodeId:47	0.0369751481463,0.0431987247004,5,14,52,70,73
NodeId:48	0.00151515151515,0.00151515151515,18,39,61,79,89
NodeId:49	0.103151725667,0.121071661535,2,29,31,39,84
NodeId:5	0.0310321039775,0.0361523365586,2,9,24,50,61,81,98
NodeId:50	0.0687390925155,0.0805497794728,0,20,46,68
NodeId:51	0.079819107389,0.0936051713362,38,45,61,71
NodeId:52	0.0679230259657,0.079544994193,27,31,64,91
NodeId:53	0.0458882267105,0.0536751420504,2,13,65,78,95
NodeId:54	0.0514853762742,0.0602096340108,12,69,77
NodeId:55	0.0540829057384,0.0633160095134,10,19,22,25,51,58,62
NodeId:56	0.0405642330416,0.047429443302,29,36,80,96,98
NodeId:57	0.069149379358,0.0810634886103,86,94,96,98
NodeId:58	0.0717127428674,0.0840309216747,16,38,71,73,78
NodeId:59	0.0356935803024,0.0416816984211,10,24,69,92
NodeId:6	0.0537266025237,0.0628704504774,15,22,58,80
NodeId:60	0.0422519991241,0.0494364617555,14,49,53,56,65
NodeId:61	0.0549857529013,0.0642937260994,6,9,18,20,99
NodeId:62	0.0873395085853,0.102415470301,11,22,33,91
NodeId:63	0.155254435325,0.182218462099,3,64,65,72
NodeId:64	0.0862869543598,0.101172037981,3,27,28,31,33,39,78
NodeId:65	0.0834804330941,0.0978580962884,27,88
NodeId:66	0.0834883403391,0.0978237065191,8,19,72,81,83,98
NodeId:67	0.054374802308,0.0636372799421,2,26,30,31,32,45
NodeId:68	0.0769234904055,0.090209692042,1,6,19,28,40,81,85
NodeId:69	0.0710548449108,0.0832138226698,12,22,42,46,55,72,88
NodeId:7	0.0875247988006,0.102672417571,12,21,38,57,93
NodeId:70	0.108823492317,0.127730887955,20,63,99
NodeId:71	0.140198184557,0.164641398244,15,16,45,84,97
NodeId:72	0.180155625584,0.211591107052,10,49,51,92,93,95
NodeId:73	0.0378644448768,0.0442074874734,41,50,51,84,92
NodeId:74	0.0286988444339,0.0334582542114,35,54,84
NodeId:75	0.0299389520152,0.0349364995274,29,34,37,51,54,65,85,91
NodeId:76	0.0796867772733,0.0935078048476,9
NodeId:77	0.0475641185333,0.055623727377,0,5,32,37,40,41,44,69,79,83,85,86,87
NodeId:78	0.146968988559,0.172496182289,13,19,34,82
NodeId:79	0.0826830173776,0.096914791972,0,26,43,74,90
NodeId:8	0.0192353014619,0.0223171905173,13,41,59,87
NodeId:80	0.102085315334,0.119717485102,31,79
NodeId:81	0.0422561598227,0.0493635596806,5,21,26,78,93,96
NodeId:82	0.0575631451958,0.0674879289405,2,23,24,32,52,53
NodeId:83	0.111848802555,0.131220608409,1,4,10,18,27,29,70
NodeId:84	0.0904906913503,0.106095758,9,21
NodeId:85	0.0561207046703,0.0657276338049,32,54,57,64,69,90,99
NodeId:86	0.120388849638,0.141311385061,11,60,71,95
NodeId:87	0.0312022090611,0.0363462731598,8,19,20,27,30,47,54,63
NodeId:88	0.116585770973,0.136888623136,21,26,44,50,55,82
NodeId:89	0.0423911818114,0.0495401646635,16,32,35,38,40,57,58
NodeId:9	0.153110805239,0.179770008255,33,39,41,43,51,69,80
NodeId:90	0.0792663548408,0.0929621631578,1,26,52,93,96
NodeId:91	0.0580053557274,0.0678746427541,12,24,66,81,95
NodeId:92	0.145079032886,0.170273471793,22,34,39,57
NodeId:93	0.0834450704609,0.0978800889541,15,43,66,75
NodeId:94	0.091911772257,0.107805440371,4,17,20,90
NodeId:95	0.127014532114,0.149120924531,76,88
NodeId:96	0.0645619325064,0.0755871408249,12,13,24,31,60,74
NodeId:97	0.0984297003555,0.115571695855,37,50,62,89
NodeId:98	0.0927215966748,0.108640586237,5,13,15,28,49,66,92,94
NodeId:99	0.0991643105299,0.11623100511,1,83
