NodeId:0	0.499571915584,0.6618997669,1,15,66,96
NodeId:1	1.06792075008,1.05187229437,37,72
NodeId:10	0.666425008027,0.719967532468,4,6,38,67,78,80
NodeId:11	0.480374254218,0.426515151515,6,28,40,49,51,67,89
NodeId:12	0.862704169219,1.10044372294,24,28,50,55,67,85,98
NodeId:13	0.792754301948,0.844431818182,25,32,33,35,76
NodeId:14	0.127263636364,0.341515151515,36,39,44,62,98
NodeId:15	0.954817607393,1.12776515152,47,70,79,95,97
NodeId:16	0.442030017008,0.462943722944,45,52,67,80
NodeId:17	0.353156390484,0.497348484848,18,39,41,53,63,72,79,99
NodeId:18	0.859211449611,1.10853896104,52,61,62,87
NodeId:19	0.728382566839,0.704788961039,27,33,37,45,92
NodeId:2	0.723458959674,1.06502705628,31,63
NodeId:20	0.894725982178,1.09234848485,7,94
NodeId:21	2.90474095118,2.10762626263
NodeId:22	0.854319623828,0.881872294372,25,65,72,83,97
NodeId:23	0.329613311688,0.525681818182,92,99
NodeId:24	0.775635231005,1.21715007215,9,10,18,38,55,93,94
NodeId:25	0.584968748712,0.746277056277,63
NodeId:26	0.601843463019,0.766515151515,15,23,28,64
NodeId:27	1.1011791356,1.26437229437,32,68,70,92
NodeId:28	0.66878360454,0.805979437229,21,25,72
NodeId:29	0.600940374382,0.675443722944,18,23,31,36,86
NodeId:3	0.587037048517,0.441693722944,30,42,45,86
NodeId:30	0.675709264404,0.851515151515,80,84,95
NodeId:31	1.94849336778,1.97877705628,29,36,46,49,54,62,70,85
NodeId:32	0.747209711452,0.97559024309,2,3,6,27,47,69,71,91
NodeId:33	0.772981420068,0.796872294372,2,56,58,86
NodeId:34	0.845612757035,0.639015151515,0,7,77,78
NodeId:35	0.315821575448,0.576277056277,12,18,62,64,65,66,83,91
NodeId:36	0.559131786617,0.787765151515,12,20,30,34,61,75,77,99
NodeId:37	0.963191269667,1.26398310023,40,59,71,97
NodeId:38	0.949968510408,1.22187229437,30,41,98
NodeId:39	0.911191052102,1.07312229437,31,43,68,71,92
NodeId:4	0.479154965983,0.571554834055,24,42,46,86
NodeId:40	0.527289143643,0.643685481185,7,71,72,73
NodeId:41	0.792346534318,0.960411671662,44,45,49,66
NodeId:42	0.327553927967,0.547943722944,36,45,70,89,99
NodeId:43	0.707153340706,0.675443722944,4,21,24,56,67,68,80,86,90
NodeId:44	0.440959956363,0.591066433566,17,37,38
NodeId:45	1.09613534579,1.50318181818,18,53,58,83,86,90
NodeId:46	0.607253603292,0.654193722944,78
NodeId:47	0.349156040835,0.384015151515,5,14,52,70,73
NodeId:48	0.00151515151515,0.00151515151515,18,39,61,79,89
NodeId:49	0.895106103965,0.85961038961,2,29,31,39,84
NodeId:5	0.314859899475,0.484816433566,2,9,24,50,61,81,98
NodeId:50	0.579880517201,0.768538961039,0,20,46,68
NodeId:51	0.685453591076,0.783717532468,38,45,61,71
NodeId:52	0.577190376984,0.908181818182,27,31,64,91
NodeId:53	0.378163352272,0.561098484848,2,13,65,78,95
NodeId:54	0.450204495282,0.725027056277,12,69,77
NodeId:55	0.531494407378,0.507467532468,10,19,22,25,51,58,62
NodeId:56	0.295108330327,0.47845959596,29,36,80,96,98
NodeId:57	0.633712065464,0.626872294372,86,94,96,98
NodeId:58	0.668176899737,0.811038961039,16,38,71,73,78
NodeId:59	0.323115821678,0.426515151515,10,24,69,92
NodeId:6	0.48297331037,0.662288961039,15,22,58,80
NodeId:60	0.411314054001,0.355681818182,14,49,53,56,65
NodeId:61	0.546447846425,0.824193722944,6,9,18,20,99
NodeId:62	0.782086033164,0.930443722944,11,22,33,91
NodeId:63	1.46324132985,1.77234848485,3,64,65,72
NodeId:64	0.858658658306,0.866693722944,3,27,28,31,33,39,78
NodeId:65	0.779167755682,0.936515151515,27,88
NodeId:66	0.822588650932,1.02151515152,8,19,72,81,83,98
NodeId:67	0.451094434996,0.692983405483,2,26,30,31,32,45
NodeId:68	0.679731490499,0.69095959596,1,6,19,28,40,81,85
NodeId:69	0.709251446718,0.91184024309,12,22,42,46,55,72,88
NodeId:7	0.738337142025,0.851515151515,12,21,38,57,93
NodeId:70	0.958272501457,0.951693722944,20,63,99
NodeId:71	1.27853838904,1.29776515152,15,16,45,84,97
NodeId:72	1.64852860607,1.67419372294,10,49,51,92,93,95
NodeId:73	0.341457515401,0.554015151515,41,50,51,84,92
NodeId:74	0.289659702797,0.313181818182,35,54,84
NodeId:75	0.243799073322,0.320265151515,29,34,37,51,54,65,85,91
NodeId:76	0.633400000002,0.596515151515,9
NodeId:77	0.426430251172,0.603598484848,0,5,32,37,40,41,44,69,79,83,85,86,87
NodeId:78	1.21264286874,1.80877705628,13,19,34,82
NodeId:79	0.811692105466,0.9381497669,0,26,43,74,90
NodeId:8	0.198494148214,0.249431818182,13,41,59,87
NodeId:80	0.934153226354,1.23738816739,31,79
NodeId:81	0.415697677323,0.556038961039,5,21,26,78,93,96
NodeId:82	0.523713970058,0.355681818182,2,23,24,32,52,53
NodeId:83	1.19789958653,1.05148310023,1,4,10,18,27,29,70
NodeId:84	0.792449044012,1.07818181818,9,21
NodeId:85	0.502781986738,0.522256909757,32,54,57,64,69,90,99
NodeId:86	0.950410347407,1.32301087801,11,60,71,95
NodeId:87	0.329549996878,0.4918997669,8,19,20,27,30,47,54,63
NodeId:88	0.998588988395,0.972943722944,21,26,44,50,55,82
NodeId:89	0.300567505411,0.675443722944,16,32,35,38,40,57,58
NodeId:9	1.31356059734,1.68937229437,33,39,41,43,51,69,80
NodeId:90	0.685332603227,0.741554834055,1,26,52,93,96
NodeId:91	0.591137151911,0.745265151515,12,24,66,81,95
NodeId:92	1.34767237103,1.60943181818,22,34,39,57
NodeId:93	0.736083473768,0.746277056277,15,43,66,75
NodeId:94	0.876594345883,0.866693722944,4,17,20,90
NodeId:95	1.17489692738,1.14901515152,76,88
NodeId:96	0.561553853785,0.908181818182,12,13,24,31,60,74
NodeId:97	0.832370001874,0.724015151515,37,50,62,89
NodeId:98	0.957528893824,1.22187229437,5,13,15,28,49,66,92,94
NodeId:99	0.927800079212,1.38377705628,1,83
