NodeId:0	0.0514974056072,0.060109719427,1,15,66,96
NodeId:1	0.092830929051,0.108565907087,37,72
NodeId:10	0.0647639317669,0.0756736853016,4,6,38,67,78,80
NodeId:11	0.0456574276376,0.0533071082796,6,28,40,49,51,67,89
NodeId:12	0.0685084535652,0.0799405738038,24,28,50,55,67,85,98
NodeId:13	0.0636325051038,0.0742890079563,25,32,33,35,76
NodeId:14	0.0149837665511,0.0172631332127,36,39,44,62,98
NodeId:15	0.0918267971602,0.107397612209,47,70,79,95,97
NodeId:16	0.0426875098258,0.0498050373248,45,52,67,80
NodeId:17	0.0344019874736,0.0400405793591,18,39,41,53,63,72,79,99
NodeId:18	0.0733017570745,0.0855856636185,52,61,62,87
NodeId:19	0.0637967307098,0.0745331468158,27,33,37,45,92
NodeId:2	0.0736566743679,0.0860600380138,31,63
NodeId:20	0.0856615184419,0.100147060543,7,94
NodeId:21	1.80850032743,2.00350762289
NodeId:22	0.0775162929072,0.0906144306302,25,65,72,83,97
NodeId:23	0.0370800000323,0.043207259365,92,99
NodeId:24	0.0705134410489,0.082295270952,9,10,18,38,55,93,94
NodeId:25	0.0566514178681,0.066127170936,63
NodeId:26	0.0592522486486,0.0691952411114,15,23,28,64
NodeId:27	0.100155624263,0.117117676263,32,68,70,92
NodeId:28	0.0620692967296,0.0724781358025,21,25,72
NodeId:29	0.0639398976683,0.0747416522249,18,23,31,36,86
NodeId:3	0.0536668547048,0.0626973229447,30,42,45,86
NodeId:30	0.0604327167687,0.0705382451269,80,84,95
NodeId:31	0.170653099126,0.199815333749,29,36,46,49,54,62,70,85
NodeId:32	0.0699617842106,0.0817170266566,2,3,6,27,47,69,71,91
NodeId:33	0.0744442913521,0.0870411148964,2,56,58,86
NodeId:34	0.0732682923573,0.0856899876796,0,7,77,78
NodeId:35	0.0274231227725,0.0318058144642,12,18,62,64,65,66,83,91
NodeId:36	0.0525322174291,0.0612886836088,12,20,30,34,61,75,77,99
NodeId:37	0.100889167913,0.118029598882,40,59,71,97
NodeId:38	0.0847636148594,0.0990498698398,30,41,98
NodeId:39	0.0863965872787,0.101021075365,31,43,68,71,92
NodeId:4	0.0529763403414,0.0618744879081,24,42,46,86
NodeId:40	0.0506676190771,0.0591414240198,7,71,72,73
NodeId:41	0.0660600379966,0.0771138593631,44,45,49,66
NodeId:42	0.036614749632,0.0426467856569,36,45,70,89,99
NodeId:43	0.0690689511048,0.0807655569912,4,21,24,56,67,68,80,86,90
NodeId:44	0.0404628584269,0.0471373565431,17,37,38
NodeId:45	0.110227535396,0.128943911219,18,53,58,83,86,90
NodeId:46	0.0591290048766,0.0690813441032,78
NodeId:47	0.0317704143857,0.0369751481463,5,14,52,70,73
NodeId:48	0.00151515151515,0.00151515151515,18,39,61,79,89
NodeId:49	0.0881617883015,0.103151725667,2,29,31,39,84
NodeId:5	0.0267488472513,0.0310321039775,2,9,24,50,61,81,98
NodeId:50	0.0588599897548,0.0687390925155,0,20,46,68
NodeId:51	0.0682874100919,0.079819107389,38,45,61,71
NodeId:52	0.0582015098761,0.0679230259657,27,31,64,91
NodeId:53	0.0393741359152,0.0458882267105,2,13,65,78,95
NodeId:54	0.0441877753423,0.0514853762742,12,69,77
NodeId:55	0.0463596242435,0.0540829057384,10,19,22,25,51,58,62
NodeId:56	0.034822086442,0.0405642330416,29,36,80,96,98
NodeId:57	0.0591858194437,0.069149379358,86,94,96,98
NodeId:58	0.0614100561873,0.0717127428674,16,38,71,73,78
NodeId:59	0.0306839428382,0.0356935803024,10,24,69,92
NodeId:6	0.0460793178963,0.0537266025237,15,22,58,80
NodeId:60	0.036244055835,0.0422519991241,14,49,53,56,65
NodeId:61	0.0472013477997,0.0549857529013,6,9,18,20,99
NodeId:62	0.074730105986,0.0873395085853,11,22,33,91
NodeId:63	0.132701632059,0.155254435325,3,64,65,72
NodeId:64	0.0738383755581,0.0862869543598,3,27,28,31,33,39,78
NodeId:65	0.0714553920592,0.0834804330941,27,88
NodeId:66	0.0714991873882,0.0834883403391,8,19,72,81,83,98
NodeId:67	0.0466270945396,0.054374802308,2,26,30,31,32,45
NodeId:68	0.0658111558529,0.0769234904055,1,6,19,28,40,81,85
NodeId:69	0.0608866396319,0.0710548449108,12,22,42,46,55,72,88
NodeId:7	0.074854327232,0.0875247988006,12,21,38,57,93
NodeId:70	0.0930080000642,0.108823492317,20,63,99
NodeId:71	0.119755367932,0.140198184557,15,16,45,84,97
NodeId:72	0.153864621905,0.180155625584,10,49,51,92,93,95
NodeId:73	0.0325596455917,0.0378644448768,41,50,51,84,92
NodeId:74	0.0247175382411,0.0286988444339,35,54,84
NodeId:75	0.0257591516215,0.0299389520152,29,34,37,51,54,65,85,91
NodeId:76	0.0681254590162,0.0796867772733,9
NodeId:77	0.0408237198082,0.0475641185333,0,5,32,37,40,41,44,69,79,83,85,86,87
NodeId:78	0.125620010873,0.146968988559,13,19,34,82
NodeId:79	0.0707808535185,0.0826830173776,0,26,43,74,90
NodeId:8	0.0166579011093,0.0192353014619,13,41,59,87
NodeId:80	0.0873377039811,0.102085315334,31,79
NodeId:81	0.0363124704738,0.0422561598227,5,21,26,78,93,96
NodeId:82	0.0492623791384,0.0575631451958,2,23,24,32,52,53
NodeId:83	0.0956483350515,0.111848802555,1,4,10,18,27,29,70
NodeId:84	0.0774387672578,0.0904906913503,9,21
NodeId:85	0.0480842851994,0.0561207046703,32,54,57,64,69,90,99
NodeId:86	0.102888096075,0.120388849638,11,60,71,95
NodeId:87	0.0268995681911,0.0312022090611,8,19,20,27,30,47,54,63
NodeId:88	0.0996036000392,0.116585770973,21,26,44,50,55,82
NodeId:89	0.0364119981653,0.0423911818114,16,32,35,38,40,57,58
NodeId:9	0.130816215256,0.153110805239,33,39,41,43,51,69,80
NodeId:90	0.0678120853193,0.0792663548408,1,26,52,93,96
NodeId:91	0.0497512556279,0.0580053557274,12,24,66,81,95
NodeId:92	0.12400551877,0.145079032886,22,34,39,57
NodeId:93	0.0713709810872,0.0834450704609,15,43,66,75
NodeId:94	0.0786165621932,0.091911772257,4,17,20,90
NodeId:95	0.10852516823,0.127014532114,76,88
NodeId:96	0.0553401992552,0.0645619325064,12,13,24,31,60,74
NodeId:97	0.0840921799349,0.0984297003555,37,50,62,89
NodeId:98	0.0794069452919,0.0927215966748,5,13,15,28,49,66,92,94
NodeId:99	0.0848899823093,0.0991643105299,1,83
