NodeId:0	0.741355705338,0.741651729089,1,15,66,96
NodeId:1	1.22970907809,1.23024994025,37,72
NodeId:10	0.892361640842,0.892736631465,4,6,38,67,78,80
NodeId:11	0.649872948524,0.65013590371,6,28,40,49,51,67,89
NodeId:12	0.99849562524,0.99888859341,24,28,50,55,67,85,98
NodeId:13	0.908434032915,0.90880032223,25,32,33,35,76
NodeId:14	0.330365008247,0.330443346511,36,39,44,62,98
NodeId:15	1.21315051738,1.21368574325,47,70,79,95,97
NodeId:16	0.625289043699,0.625533688796,45,52,67,80
NodeId:17	0.553033117198,0.553226939191,18,39,41,53,63,72,79,99
NodeId:18	1.0425166558,1.04293887514,52,61,62,87
NodeId:19	0.884273554735,0.884642589404,27,33,37,45,92
NodeId:2	1.01653705532,1.01696343116,31,63
NodeId:20	1.15166647364,1.15216440766,7,94
NodeId:21	8.92961872828,8.89173737843
NodeId:22	1.04755033481,1.04800055993,25,65,72,83,97
NodeId:23	0.570913927632,0.57112454793,92,99
NodeId:24	1.02039574111,1.0208007108,9,10,18,38,55,93,94
NodeId:25	0.814705951498,0.815031655049,63
NodeId:26	0.835861817585,0.836203583701,15,23,28,64
NodeId:27	1.33419083092,1.33477385087,32,68,70,92
NodeId:28	0.878984392524,0.879342166594,21,25,72
NodeId:29	0.865460490031,0.865831771983,18,23,31,36,86
NodeId:3	0.744230283957,0.744540699464,30,42,45,86
NodeId:30	0.870436461936,0.870783809492,80,84,95
NodeId:31	2.14084436325,2.14184677706,29,36,46,49,54,62,70,85
NodeId:32	0.979049546287,0.979453616557,2,3,6,27,47,69,71,91
NodeId:33	0.997413229393,0.997846195182,2,56,58,86
NodeId:34	0.969265834105,0.969692802389,0,7,77,78
NodeId:35	0.497640536148,0.497791178911,12,18,62,64,65,66,83,91
NodeId:36	0.77068404072,0.770985031117,12,20,30,34,61,75,77,99
NodeId:37	1.31696889072,1.31755802259,40,59,71,97
NodeId:38	1.16383942173,1.16433049639,30,41,98
NodeId:39	1.15446868661,1.15497137766,31,43,68,71,92
NodeId:4	0.742890092491,0.743195950491,24,42,46,86
NodeId:40	0.729177684294,0.729468944813,7,71,72,73
NodeId:41	0.948109576127,0.948489498299,44,45,49,66
NodeId:42	0.573442291799,0.573649611441,36,45,70,89,99
NodeId:43	0.920591897339,0.920993934325,4,21,24,56,67,68,80,86,90
NodeId:44	0.628950808149,0.629180244399,17,37,38
NodeId:45	1.4436985352,1.44434187202,18,53,58,83,86,90
NodeId:46	0.819098716459,0.819440788219,78
NodeId:47	0.512078956643,0.512257861776,5,14,52,70,73
NodeId:48	0.15,0.15,18,39,61,79,89
NodeId:49	1.14482596177,1.1453411786,2,29,31,39,84
NodeId:5	0.481346818182,0.481494036287,2,9,24,50,61,81,98
NodeId:50	0.829307975263,0.829647544628,0,20,46,68
NodeId:51	0.926723223817,0.927119575917,38,45,61,71
NodeId:52	0.843871692889,0.84420584067,27,31,64,91
NodeId:53	0.602705897429,0.602929790094,2,13,65,78,95
NodeId:54	0.682675139372,0.682925976667,12,69,77
NodeId:55	0.682463921113,0.682729388594,10,19,22,25,51,58,62
NodeId:56	0.542306248686,0.542503626874,29,36,80,96,98
NodeId:57	0.81846916211,0.818811651115,86,94,96,98
NodeId:58	0.867293102682,0.867647240855,16,38,71,73,78
NodeId:59	0.503356073089,0.503528262105,10,24,69,92
NodeId:6	0.692911797643,0.693174664931,15,22,58,80
NodeId:60	0.548506248294,0.548712774973,14,49,53,56,65
NodeId:61	0.734521713384,0.734789300033,6,9,18,20,99
NodeId:62	1.01903149158,1.01946491732,11,22,33,91
NodeId:63	1.72753637589,1.72831159966,3,64,65,72
NodeId:64	1.01166602673,1.01209394811,3,27,28,31,33,39,78
NodeId:65	0.990380584022,0.990793927208,27,88
NodeId:66	1.012670653,1.01308277587,8,19,72,81,83,98
NodeId:67	0.69661838106,0.696884679306,2,26,30,31,32,45
NodeId:68	0.89326744121,0.893649425245,1,6,19,28,40,81,85
NodeId:69	0.883283149789,0.883632677391,12,22,42,46,55,72,88
NodeId:7	1.00074174454,1.00117725373,12,21,38,57,93
NodeId:70	1.20681243812,1.20735605305,20,63,99
NodeId:71	1.51315490596,1.51385762183,15,16,45,84,97
NodeId:72	1.93204030858,1.93294398239,10,49,51,92,93,95
NodeId:73	0.53959601822,0.539778366632,41,50,51,84,92
NodeId:74	0.432961735934,0.433098579976,35,54,84
NodeId:75	0.435477264245,0.435620941984,29,34,37,51,54,65,85,91
NodeId:76	0.895533829827,0.895931216127,9
NodeId:77	0.631472573453,0.631704264389,0,5,32,37,40,41,44,69,79,83,85,86,87
NodeId:78	1.63526912542,1.63600298303,13,19,34,82
NodeId:79	0.986015260531,0.986424360197,0,26,43,74,90
NodeId:8	0.345205493446,0.345294086065,13,41,59,87
NodeId:80	1.18562152156,1.18612842712,31,79
NodeId:81	0.587926243975,0.588130550124,5,21,26,78,93,96
NodeId:82	0.677568314384,0.677853634297,2,23,24,32,52,53
NodeId:83	1.27320371971,1.27376058313,1,4,10,18,27,29,70
NodeId:84	1.06325946208,1.06370809581,9,21
NodeId:85	0.694967873492,0.695244087715,32,54,57,64,69,90,99
NodeId:86	1.33227683105,1.33287836985,11,60,71,95
NodeId:87	0.48630324462,0.486451139117,8,19,20,27,30,47,54,63
NodeId:88	1.26942344779,1.2700071564,21,26,44,50,55,82
NodeId:89	0.57983273252,0.580038257994,16,32,35,38,40,57,58
NodeId:9	1.67095316044,1.67171955353,33,39,41,43,51,69,80
NodeId:90	0.918477877884,0.918871598188,1,26,52,93,96
NodeId:91	0.749272020677,0.749555753041,12,24,66,81,95
NodeId:92	1.61533830616,1.6160626615,22,34,39,57
NodeId:93	0.957514902291,0.957929904419,15,43,66,75
NodeId:94	1.05726246786,1.05771944134,4,17,20,90
NodeId:95	1.39004158247,1.39067711776,76,88
NodeId:96	0.813350751155,0.8136677273,12,13,24,31,60,74
NodeId:97	1.07182354705,1.07231635084,37,50,62,89
NodeId:98	1.12557290979,1.12603055732,5,13,15,28,49,66,92,94
NodeId:99	1.18236678106,1.18285744223,1,83
