NodeId:0	0.740360492433,0.740461827917,1,15,66,96
NodeId:1	1.22789069727,1.22807584992,37,72
NodeId:10	0.891100913404,0.891229284226,4,6,38,67,78,80
NodeId:11	0.648988903382,0.649078919392,6,28,40,49,51,67,89
NodeId:12	0.997174458821,0.997308983682,24,28,50,55,67,85,98
NodeId:13	0.907202558959,0.907327951016,25,32,33,35,76
NodeId:14	0.330101627406,0.330128445555,36,39,44,62,98
NodeId:15	1.21135106646,1.21153429134,47,70,79,95,97
NodeId:16	0.624466538951,0.624550288549,45,52,67,80
NodeId:17	0.55238147911,0.552447830619,18,39,41,53,63,72,79,99
NodeId:18	1.04109715042,1.04124168842,52,61,62,87
NodeId:19	0.883032843785,0.883159176291,27,33,37,45,92
NodeId:2	1.01510359921,1.01524955794,31,63
NodeId:20	1.14999240101,1.15016285952,7,94
NodeId:21	9.05697591909,9.04400804617
NodeId:22	1.04603667028,1.04619079579,25,65,72,83,97
NodeId:23	0.570205814796,0.570277916681,92,99
NodeId:24	1.01903423889,1.019172871,9,10,18,38,55,93,94
NodeId:25	0.8136109392,0.813722436528,63
NodeId:26	0.834712826312,0.834829820088,15,23,28,64
NodeId:27	1.33223067452,1.33243026317,32,68,70,92
NodeId:28	0.877781538488,0.877904016286,21,25,72
NodeId:29	0.86421225029,0.86433934965,18,23,31,36,86
NodeId:3	0.743186659796,0.743292924474,30,42,45,86
NodeId:30	0.869268665471,0.869387573737,80,84,95
NodeId:31	2.13747424636,2.13781740126,29,36,46,49,54,62,70,85
NodeId:32	0.977691078301,0.977829401638,2,3,6,27,47,69,71,91
NodeId:33	0.995957578845,0.996105797283,2,56,58,86
NodeId:34	0.967830350851,0.967976515699,0,7,77,78
NodeId:35	0.497134066308,0.497185636452,12,18,62,64,65,66,83,91
NodeId:36	0.769672124787,0.769775160995,12,20,30,34,61,75,77,99
NodeId:37	1.31498821551,1.31518989355,40,59,71,97
NodeId:38	1.16218843565,1.16235654377,30,41,98
NodeId:39	1.15277862698,1.1529507137,31,43,68,71,92
NodeId:4	0.741861785498,0.741966490516,24,42,46,86
NodeId:40	0.728198453896,0.728298161895,7,71,72,73
NodeId:41	0.946832261919,0.946962321518,44,45,49,66
NodeId:42	0.572745272514,0.572816245104,36,45,70,89,99
NodeId:43	0.919240262268,0.919377889766,4,21,24,56,67,68,80,86,90
NodeId:44	0.628179456288,0.628257997737,17,37,38
NodeId:45	1.44153563593,1.44175586866,18,53,58,83,86,90
NodeId:46	0.817948677381,0.818065777688,78
NodeId:47	0.51147747282,0.511538717624,5,14,52,70,73
NodeId:48	0.15,0.15,18,39,61,79,89
NodeId:49	1.14309378335,1.14327015864,2,29,31,39,84
NodeId:5	0.480851871711,0.480902268524,2,9,24,50,61,81,98
NodeId:50	0.828166356593,0.828282599691,0,20,46,68
NodeId:51	0.925390657965,0.925526343451,38,45,61,71
NodeId:52	0.842748290531,0.842862678616,27,31,64,91
NodeId:53	0.60195316406,0.602029809494,2,13,65,78,95
NodeId:54	0.681831820038,0.681917689125,12,69,77
NodeId:55	0.681571438481,0.681662313805,10,19,22,25,51,58,62
NodeId:56	0.541642661366,0.541710229712,29,36,80,96,98
NodeId:57	0.817317698305,0.817434943482,86,94,96,98
NodeId:58	0.866102491825,0.866223723232,16,38,71,73,78
NodeId:59	0.502777171608,0.502836117101,10,24,69,92
NodeId:6	0.692028038537,0.692118025281,15,22,58,80
NodeId:60	0.547811921708,0.547882620057,14,49,53,56,65
NodeId:61	0.733622093092,0.733713695099,6,9,18,20,99
NodeId:62	1.01757432612,1.01772269896,11,22,33,91
NodeId:63	1.72493007831,1.7251954586,3,64,65,72
NodeId:64	1.01022734019,1.0103738311,3,27,28,31,33,39,78
NodeId:65	0.988990919406,0.989132418876,27,88
NodeId:66	1.01128510069,1.01142618163,8,19,72,81,83,98
NodeId:67	0.69572308337,0.695814245144,2,26,30,31,32,45
NodeId:68	0.89198323872,0.892114000134,1,6,19,28,40,81,85
NodeId:69	0.882108025362,0.882227679763,12,22,42,46,55,72,88
NodeId:7	0.999277584285,0.999426669546,12,21,38,57,93
NodeId:70	1.20498482611,1.20517091916,20,63,99
NodeId:71	1.51079241782,1.51103297349,15,16,45,84,97
NodeId:72	1.9290021417,1.92931149656,10,49,51,92,93,95
NodeId:73	0.538982974348,0.5390453963,41,50,51,84,92
NodeId:74	0.432501675773,0.432548520446,35,54,84
NodeId:75	0.434994225122,0.435043409621,29,34,37,51,54,65,85,91
NodeId:76	0.894197808002,0.894333845564,9
NodeId:77	0.630693632361,0.630772946377,0,5,32,37,40,41,44,69,79,83,85,86,87
NodeId:78	1.63280190613,1.63305312535,13,19,34,82
NodeId:79	0.984639857813,0.984779905402,0,26,43,74,90
NodeId:8	0.344907645099,0.34493797284,13,41,59,87
NodeId:80	1.18391729369,1.18409082303,31,79
NodeId:81	0.587239369449,0.587309308914,5,21,26,78,93,96
NodeId:82	0.676609069864,0.676706742963,2,23,24,32,52,53
NodeId:83	1.27133156174,1.27152219035,1,4,10,18,27,29,70
NodeId:84	1.06175114318,1.06190472443,9,21
NodeId:85	0.694039241399,0.694133797308,32,54,57,64,69,90,99
NodeId:86	1.33025445113,1.33046037578,11,60,71,95
NodeId:87	0.485806024512,0.485856652875,8,19,20,27,30,47,54,63
NodeId:88	1.26746098118,1.26766080513,21,26,44,50,55,82
NodeId:89	0.579141765464,0.579212121834,16,32,35,38,40,57,58
NodeId:9	1.66837658601,1.66863894033,33,39,41,43,51,69,80
NodeId:90	0.917154187818,0.91728896966,1,26,52,93,96
NodeId:91	0.748318102804,0.748415233335,12,24,66,81,95
NodeId:92	1.61290303887,1.61315100511,22,34,39,57
NodeId:93	0.956119645205,0.956261714194,15,43,66,75
NodeId:94	1.05572613767,1.05588257138,4,17,20,90
NodeId:95	1.38790492457,1.38812248548,76,88
NodeId:96	0.812285079912,0.812393589564,12,13,24,31,60,74
NodeId:97	1.07016672268,1.07033542527,37,50,62,89
NodeId:98	1.12403431071,1.12419097529,5,13,15,28,49,66,92,94
NodeId:99	1.18071716643,1.18088513482,1,83
