NodeId:0	0.0974434736347,0.115017412986,1,15,66,96
NodeId:1	0.176757662258,0.2089299292,37,72
NodeId:10	0.122964182068,0.145236997588,4,6,38,67,78,80
NodeId:11	0.0864640233488,0.102088796027,6,28,40,49,51,67,89
NodeId:12	0.129488883286,0.152870879022,24,28,50,55,67,85,98
NodeId:13	0.12046517209,0.142261920873,25,32,33,35,76
NodeId:14	0.0271406174962,0.0318009049994,36,39,44,62,98
NodeId:15	0.174882482513,0.206702086441,47,70,79,95,97
NodeId:16	0.0806543289678,0.0951913515594,45,52,67,80
NodeId:17	0.0644864688009,0.0760020662668,18,39,41,53,63,72,79,99
NodeId:18	0.138822946462,0.163922374479,52,61,62,87
NodeId:19	0.121059528791,0.143000170389,27,33,37,45,92
NodeId:2	0.139824039682,0.165169849909,31,63
NodeId:20	0.162946703312,0.192514563483,7,94
NodeId:21	2.6601528611,2.89288253342
NodeId:22	0.147384622532,0.174138968603,25,65,72,83,97
NodeId:23	0.0697682336536,0.0822836256675,92,99
NodeId:24	0.133367757983,0.15743139126,9,10,18,38,55,93,94
NodeId:25	0.107193110014,0.126547848825,63
NodeId:26	0.112294034767,0.132611073977,15,23,28,64
NodeId:27	0.190634666372,0.225293810575,32,68,70,92
NodeId:28	0.117596561469,0.138849695469,21,25,72
NodeId:29	0.121560014462,0.143621842917,18,23,31,36,86
NodeId:3	0.101835993798,0.120295006136,30,42,45,86
NodeId:30	0.114337152724,0.134975298892,80,84,95
NodeId:31	0.326213900848,0.385839281569,29,36,46,49,54,62,70,85
NodeId:32	0.132668293536,0.156695525642,2,3,6,27,47,69,71,91
NodeId:33	0.141636463366,0.167378239507,2,56,58,86
NodeId:34	0.139520952905,0.164911138347,0,7,77,78
NodeId:35	0.0508015056887,0.0597599782589,12,18,62,64,65,66,83,91
NodeId:36	0.0992448003586,0.117124841025,12,20,30,34,61,75,77,99
NodeId:37	0.192323495221,0.227355818709,40,59,71,97
NodeId:38	0.160971841674,0.190170335098,30,41,98
NodeId:39	0.164411352339,0.194300019827,31,43,68,71,92
NodeId:4	0.100444320854,0.118628661969,24,42,46,86
NodeId:40	0.0958722468091,0.113184392855,7,71,72,73
NodeId:41	0.125021175144,0.147618129255,44,45,49,66
NodeId:42	0.0687896747724,0.0811180705383,36,45,70,89,99
NodeId:43	0.131467931864,0.15537887731,4,21,24,56,67,68,80,86,90
NodeId:44	0.0760727527309,0.0897188010979,17,37,38
NodeId:45	0.21006564767,0.248298901516,18,53,58,83,86,90
NodeId:46	0.112220375156,0.132545620812,78
NodeId:47	0.0595341613505,0.0701727734662,5,14,52,70,73
NodeId:48	0.00151515151515,0.00151515151515,18,39,61,79,89
NodeId:49	0.168125210475,0.198732006531,2,29,31,39,84
NodeId:5	0.0495946591793,0.0583402660732,2,9,24,50,61,81,98
NodeId:50	0.111559855874,0.131755131862,0,20,46,68
NodeId:51	0.129803514445,0.153356608932,38,45,61,71
NodeId:52	0.110056384039,0.129929249977,27,31,64,91
NodeId:53	0.074119658885,0.087432548308,2,13,65,78,95
NodeId:54	0.0831154556246,0.0980130063699,12,69,77
NodeId:55	0.0875598982752,0.103345201965,10,19,22,25,51,58,62
NodeId:56	0.0654537936481,0.077189917879,29,36,80,96,98
NodeId:57	0.112337905401,0.132689365737,86,94,96,98
NodeId:58	0.116363135482,0.137421212536,16,38,71,73,78
NodeId:59	0.0574078968676,0.0676498706236,10,24,69,92
NodeId:6	0.0868741924314,0.102483593214,15,22,58,80
NodeId:60	0.0682963364373,0.0805652617164,14,49,53,56,65
NodeId:61	0.0887232007725,0.104642212056,6,9,18,20,99
NodeId:62	0.141996459903,0.167749056955,11,22,33,91
NodeId:63	0.253002134328,0.299071793461,3,64,65,72
NodeId:64	0.140242681822,0.165687418833,3,27,28,31,33,39,78
NodeId:65	0.135595103853,0.160170382583,27,88
NodeId:66	0.135453426744,0.159961568375,8,19,72,81,83,98
NodeId:67	0.0879526159055,0.103781982782,2,26,30,31,32,45
NodeId:68	0.1250937269,0.147817165851,1,6,19,28,40,81,85
NodeId:69	0.115127006569,0.135909066464,12,22,42,46,55,72,88
NodeId:7	0.142429141376,0.16833506369,12,21,38,57,93
NodeId:70	0.177372574064,0.209711117712,20,63,99
NodeId:71	0.228811932202,0.270588028006,15,16,45,84,97
NodeId:72	0.294098868242,0.347854855822,10,49,51,92,93,95
NodeId:73	0.0608578126172,0.0716942752397,41,50,51,84,92
NodeId:74	0.0459602255913,0.0540854861105,35,54,84
NodeId:75	0.048054461307,0.0566065521971,29,34,37,51,54,65,85,91
NodeId:76	0.129797182915,0.153431891107,9
NodeId:77	0.0767736345776,0.0905511683535,0,5,32,37,40,41,44,69,79,83,85,86,87
NodeId:78	0.239497842439,0.283078174249,13,19,34,82
NodeId:79	0.134267772724,0.158624037557,0,26,43,74,90
NodeId:8	0.0304071292425,0.0356688653023,13,41,59,87
NodeId:80	0.165997172903,0.196140747999,31,79
NodeId:81	0.0680199517632,0.0801580877188,5,21,26,78,93,96
NodeId:82	0.0935312051268,0.110523639688,2,23,24,32,52,53
NodeId:83	0.182056965697,0.21517395496,1,4,10,18,27,29,70
NodeId:84	0.147054806595,0.17373530794,9,21
NodeId:85	0.0909577944028,0.10735082784,32,54,57,64,69,90,99
NodeId:86	0.196237513174,0.232010339909,11,60,71,95
NodeId:87	0.0498489432841,0.0586424050906,8,19,20,27,30,47,54,63
NodeId:88	0.190188312749,0.224907822944,21,26,44,50,55,82
NodeId:89	0.06830696429,0.0805214657924,16,32,35,38,40,57,58
NodeId:9	0.249759784985,0.29532501897,33,39,41,43,51,69,80
NodeId:90	0.128918035335,0.15230987429,1,26,52,93,96
NodeId:91	0.0937846351986,0.110648091845,12,24,66,81,95
NodeId:92	0.23641847548,0.279495194504,22,34,39,57
NodeId:93	0.135776626912,0.160446096155,15,43,66,75
NodeId:94	0.149520753919,0.176710542626,4,17,20,90
NodeId:95	0.207152851528,0.244935305532,76,88
NodeId:96	0.104523535756,0.123381089587,12,13,24,31,60,74
NodeId:97	0.160571207109,0.189871380543,37,50,62,89
NodeId:98	0.150429966373,0.177635329562,5,13,15,28,49,66,92,94
NodeId:99	0.161038282049,0.190190914383,1,83
