NodeId:0	0.739990787914,0.740019802218,1,15,66,96
NodeId:1	1.22721520102,1.22726821377,37,72
NodeId:10	0.890632575263,0.890669330304,4,6,38,67,78,80
NodeId:11	0.648660496005,0.648686269321,6,28,40,49,51,67,89
NodeId:12	0.996683668845,0.9967221859,24,28,50,55,67,85,98
NodeId:13	0.906745088442,0.906780990596,25,32,33,35,76
NodeId:14	0.330003786221,0.330011464769,36,39,44,62,98
NodeId:15	1.21068260313,1.21073506394,47,70,79,95,97
NodeId:16	0.62416099343,0.624184972554,45,52,67,80
NodeId:17	0.552139407351,0.552158405071,18,39,41,53,63,72,79,99
NodeId:18	1.04056982927,1.04061121328,52,61,62,87
NodeId:19	0.882571942194,0.882608113616,27,33,37,45,92
NodeId:2	1.0145710947,1.0146128855,31,63
NodeId:20	1.14937051315,1.14941931873,7,94
NodeId:21	9.10428688812,9.10057393698
NodeId:22	1.04547437085,1.04551849994,25,65,72,83,97
NodeId:23	0.569942763851,0.569963408013,92,99
NodeId:24	1.01852846439,1.01856815743,9,10,18,38,55,93,94
NodeId:25	0.813204161164,0.813236084987,63
NodeId:26	0.834285995358,0.834319492927,15,23,28,64
NodeId:27	1.33150251102,1.33155965708,32,68,70,92
NodeId:28	0.877334700104,0.877369767853,21,25,72
NodeId:29	0.863748550952,0.863784941942,18,23,31,36,86
NodeId:3	0.742798972185,0.742829397797,30,42,45,86
NodeId:30	0.868834849862,0.868868895584,80,84,95
NodeId:31	2.13622230685,2.1363205587,29,36,46,49,54,62,70,85
NodeId:32	0.977186430341,0.977226034966,2,3,6,27,47,69,71,91
NodeId:33	0.995416830544,0.995459268316,2,56,58,86
NodeId:34	0.967297094498,0.967338944301,0,7,77,78
NodeId:35	0.496945921875,0.496960687396,12,18,62,64,65,66,83,91
NodeId:36	0.769296215534,0.769325716783,12,20,30,34,61,75,77,99
NodeId:37	1.31425242918,1.31431017348,40,59,71,97
NodeId:38	1.16157512312,1.16162325571,30,41,98
NodeId:39	1.15215079937,1.1522000711,31,43,68,71,92
NodeId:4	0.741479787834,0.741509766899,24,42,46,86
NodeId:40	0.727834687061,0.727863235376,7,71,72,73
NodeId:41	0.946357762858,0.946395001406,44,45,49,66
NodeId:42	0.572486341777,0.572506662587,36,45,70,89,99
NodeId:43	0.918738153005,0.918777558394,4,21,24,56,67,68,80,86,90
NodeId:44	0.627892911787,0.627915399716,17,37,38
NodeId:45	1.44073215615,1.44079521301,18,53,58,83,86,90
NodeId:46	0.817521457857,0.817554985922,78
NodeId:47	0.511254032097,0.511271567659,5,14,52,70,73
NodeId:48	0.15,0.15,18,39,61,79,89
NodeId:49	1.14245030957,1.14250080921,2,29,31,39,84
NodeId:5	0.480668007934,0.48068243751,2,9,24,50,61,81,98
NodeId:50	0.827742264428,0.827775547059,0,20,46,68
NodeId:51	0.924895633754,0.924934483111,38,45,61,71
NodeId:52	0.842330966098,0.8423637176,27,31,64,91
NodeId:53	0.601673536908,0.601695481965,2,13,65,78,95
NodeId:54	0.681518542015,0.681543127983,12,69,77
NodeId:55	0.681239896147,0.681265915492,10,19,22,25,51,58,62
NodeId:56	0.541396150307,0.541415496423,29,36,80,96,98
NodeId:57	0.816889950041,0.816923519599,86,94,96,98
NodeId:58	0.865660200652,0.865694911534,16,38,71,73,78
NodeId:59	0.502562119533,0.502578996756,10,24,69,92
NodeId:6	0.691699737886,0.691725502826,15,22,58,80
NodeId:60	0.547553991341,0.547574233641,14,49,53,56,65
NodeId:61	0.733287899589,0.733314126998,6,9,18,20,99
NodeId:62	1.01703301426,1.01707549626,11,22,33,91
NodeId:63	1.72396188542,1.72403786892,3,64,65,72
NodeId:64	1.00969289422,1.00973483738,3,27,28,31,33,39,78
NodeId:65	0.988474683917,0.98851519793,27,88
NodeId:66	1.01077039206,1.01081078625,8,19,72,81,83,98
NodeId:67	0.695390495999,0.69541659736,2,26,30,31,32,45
NodeId:68	0.891506179037,0.891543618541,1,6,19,28,40,81,85
NodeId:69	0.881671487653,0.881705747006,12,22,42,46,55,72,88
NodeId:7	0.998733673642,0.998776359594,12,21,38,57,93
NodeId:70	1.20430589904,1.20435918104,20,63,99
NodeId:71	1.50991479336,1.50998366907,15,16,45,84,97
NodeId:72	1.92787351593,1.92796209016,10,49,51,92,93,95
NodeId:73	0.53875523898,0.538773111586,41,50,51,84,92
NodeId:74	0.432330771277,0.432344183812,35,54,84
NodeId:75	0.434814784292,0.434828866756,29,34,37,51,54,65,85,91
NodeId:76	0.893701499246,0.893740449416,9
NodeId:77	0.630404269334,0.630426978461,0,5,32,37,40,41,44,69,79,83,85,86,87
NodeId:78	1.63188537753,1.63195730643,13,19,34,82
NodeId:79	0.984128919255,0.984169017563,0,26,43,74,90
NodeId:8	0.344796999731,0.344805683147,13,41,59,87
NodeId:80	1.18328420307,1.18333388784,31,79
NodeId:81	0.58698420782,0.587004232831,5,21,26,78,93,96
NodeId:82	0.676252727079,0.676280692757,2,23,24,32,52,53
NodeId:83	1.27063608735,1.27069066797,1,4,10,18,27,29,70
NodeId:84	1.06119082944,1.0612348027,9,21
NodeId:85	0.69369427108,0.693721344251,32,54,57,64,69,90,99
NodeId:86	1.32950317182,1.329562132,11,60,71,95
NodeId:87	0.485621316005,0.485635811876,8,19,20,27,30,47,54,63
NodeId:88	1.26673195924,1.26678917268,21,26,44,50,55,82
NodeId:89	0.578885082782,0.578905227165,16,32,35,38,40,57,58
NodeId:9	1.6674194327,1.66749454981,33,39,41,43,51,69,80
NodeId:90	0.916662460133,0.916701050776,1,26,52,93,96
NodeId:91	0.747963739289,0.747991549634,12,24,66,81,95
NodeId:92	1.61199837842,1.61206937591,22,34,39,57
NodeId:93	0.955601331779,0.955642008866,15,43,66,75
NodeId:94	1.05515541757,1.05520020752,4,17,20,90
NodeId:95	1.38711119248,1.38717348434,76,88
NodeId:96	0.811889201894,0.811920270288,12,13,24,31,60,74
NodeId:97	1.06955124147,1.06959954425,37,50,62,89
NodeId:98	1.123462748,1.12350760407,5,13,15,28,49,66,92,94
NodeId:99	1.18010436368,1.18015245626,1,83
