NodeId:0	0.115017412986,0.136065240225,1,15,66,96
NodeId:1	0.2089299292,0.247427710596,37,72
NodeId:10	0.145236997588,0.171913898169,4,6,38,67,78,80
NodeId:11	0.102088796027,0.120781817972,6,28,40,49,51,67,89
NodeId:12	0.152870879022,0.180771694997,24,28,50,55,67,85,98
NodeId:13	0.142261920873,0.168282816146,25,32,33,35,76
NodeId:14	0.0318009049994,0.0373811173813,36,39,44,62,98
NodeId:15	0.206702086441,0.244786524295,47,70,79,95,97
NodeId:16	0.0951913515594,0.112587159847,45,52,67,80
NodeId:17	0.0760020662668,0.0898248665204,18,39,41,53,63,72,79,99
NodeId:18	0.163922374479,0.193938645322,52,61,62,87
NodeId:19	0.143000170389,0.169212996576,27,33,37,45,92
NodeId:2	0.165169849909,0.195474155696,31,63
NodeId:20	0.192514563483,0.227965261541,7,94
NodeId:21	2.89288253342,3.12353701467
NodeId:22	0.174138968603,0.206134651181,25,65,72,83,97
NodeId:23	0.0822836256675,0.0972651647416,92,99
NodeId:24	0.15743139126,0.186177820751,9,10,18,38,55,93,94
NodeId:25	0.126547848825,0.149691148577,63
NodeId:26	0.132611073977,0.156906274212,15,23,28,64
NodeId:27	0.225293810575,0.266827692154,32,68,70,92
NodeId:28	0.138849695469,0.164288786768,21,25,72
NodeId:29	0.143621842917,0.170013047317,18,23,31,36,86
NodeId:3	0.120295006136,0.142345514782,30,42,45,86
NodeId:30	0.134975298892,0.159685726268,80,84,95
NodeId:31	0.385839281569,0.457006966906,29,36,46,49,54,62,70,85
NodeId:32	0.156695525642,0.185394477005,2,3,6,27,47,69,71,91
NodeId:33	0.167378239507,0.198175049902,2,56,58,86
NodeId:34	0.164911138347,0.195236753141,0,7,77,78
NodeId:35	0.0597599782589,0.070468119292,12,18,62,64,65,66,83,91
NodeId:36	0.117124841025,0.138521606128,12,20,30,34,61,75,77,99
NodeId:37	0.227355818709,0.269252081839,40,59,71,97
NodeId:38	0.190170335098,0.225064380659,30,41,98
NodeId:39	0.194300019827,0.230069230702,31,43,68,71,92
NodeId:4	0.118628661969,0.140372940358,24,42,46,86
NodeId:40	0.113184392855,0.133867604598,7,71,72,73
NodeId:41	0.147618129255,0.174614457602,44,45,49,66
NodeId:42	0.0811180705383,0.0958393396675,36,45,70,89,99
NodeId:43	0.15537887731,0.183921655792,4,21,24,56,67,68,80,86,90
NodeId:44	0.0897188010979,0.106010761722,17,37,38
NodeId:45	0.248298901516,0.29405394515,18,53,58,83,86,90
NodeId:46	0.132545620812,0.156808316468,78
NodeId:47	0.0701727734662,0.0829033166307,5,14,52,70,73
NodeId:48	0.00151515151515,0.00151515151515,18,39,61,79,89
NodeId:49	0.198732006531,0.235374091538,2,29,31,39,84
NodeId:5	0.0583402660732,0.0688214518061,2,9,24,50,61,81,98
NodeId:50	0.131755131862,0.155854032616,0,20,46,68
NodeId:51	0.153356608932,0.181565700822,38,45,61,71
NodeId:52	0.129929249977,0.153682489155,27,31,64,91
NodeId:53	0.087432548308,0.103355083075,2,13,65,78,95
NodeId:54	0.0980130063699,0.115871598158,12,69,77
NodeId:55	0.103345201965,0.122156079956,10,19,22,25,51,58,62
NodeId:56	0.077189917879,0.0911941384333,29,36,80,96,98
NodeId:57	0.132689365737,0.157075011619,86,94,96,98
NodeId:58	0.137421212536,0.162580552472,16,38,71,73,78
NodeId:59	0.0676498706236,0.0798674786519,10,24,69,92
NodeId:6	0.102483593214,0.121171943952,15,22,58,80
NodeId:60	0.0805652617164,0.0952481744533,14,49,53,56,65
NodeId:61	0.104642212056,0.123607174735,6,9,18,20,99
NodeId:62	0.167749056955,0.198564890047,11,22,33,91
NodeId:63	0.299071793461,0.354200364798,3,64,65,72
NodeId:64	0.165687418833,0.196116232282,3,27,28,31,33,39,78
NodeId:65	0.160170382583,0.189550031236,27,88
NodeId:66	0.159961568375,0.189232688104,8,19,72,81,83,98
NodeId:67	0.103781982782,0.122681040064,2,26,30,31,32,45
NodeId:68	0.147817165851,0.174886569479,1,6,19,28,40,81,85
NodeId:69	0.135909066464,0.160796154284,12,22,42,46,55,72,88
NodeId:7	0.16833506369,0.199303974825,12,21,38,57,93
NodeId:70	0.209711117712,0.248304733333,20,63,99
NodeId:71	0.270588028006,0.320491540039,15,16,45,84,97
NodeId:72	0.347854855822,0.412032925363,10,49,51,92,93,95
NodeId:73	0.0716942752397,0.0846818015667,41,50,51,84,92
NodeId:74	0.0540854861105,0.0638216600524,35,54,84
NodeId:75	0.0566065521971,0.0667762013411,29,34,37,51,54,65,85,91
NodeId:76	0.153431891107,0.18168144156,9
NodeId:77	0.0905511683535,0.107007431117,0,5,32,37,40,41,44,69,79,83,85,86,87
NodeId:78	0.283078174249,0.335349837704,13,19,34,82
NodeId:79	0.158624037557,0.187640175123,0,26,43,74,90
NodeId:8	0.0356688653023,0.04197012573,13,41,59,87
NodeId:80	0.196140747999,0.232228398492,31,79
NodeId:81	0.0801580877188,0.0946623728675,5,21,26,78,93,96
NodeId:82	0.110523639688,0.130755337683,2,23,24,32,52,53
NodeId:83	0.21517395496,0.2547846056,1,4,10,18,27,29,70
NodeId:84	0.17373530794,0.205654647158,9,21
NodeId:85	0.10735082784,0.126966328653,32,54,57,64,69,90,99
NodeId:86	0.232010339909,0.274722848832,11,60,71,95
NodeId:87	0.0586424050906,0.0691364671914,8,19,20,27,30,47,54,63
NodeId:88	0.224907822944,0.266446924663,21,26,44,50,55,82
NodeId:89	0.0805214657924,0.0951501296726,16,32,35,38,40,57,58
NodeId:9	0.29532501897,0.349832385198,33,39,41,43,51,69,80
NodeId:90	0.15230987429,0.180353695283,1,26,52,93,96
NodeId:91	0.110648091845,0.130834442266,12,24,66,81,95
NodeId:92	0.279495194504,0.330923549537,22,34,39,57
NodeId:93	0.160446096155,0.189992847204,15,43,66,75
NodeId:94	0.176710542626,0.209178975359,4,17,20,90
NodeId:95	0.244935305532,0.290138025523,76,88
NodeId:96	0.123381089587,0.145916504643,12,13,24,31,60,74
NodeId:97	0.189871380543,0.224892645484,37,50,62,89
NodeId:98	0.177635329562,0.210112076998,5,13,15,28,49,66,92,94
NodeId:99	0.190190914383,0.225097479917,1,83
