NodeId:0	0.740054492268,0.74009596835,1,15,66,96
NodeId:1	1.22733159682,1.22740737879,37,72
NodeId:10	0.890713275325,0.890765816827,4,6,38,67,78,80
NodeId:11	0.648717084388,0.648753927461,6,28,40,49,51,67,89
NodeId:12	0.996768237621,0.99682329793,24,28,50,55,67,85,98
NodeId:13	0.906823915892,0.906875238188,25,32,33,35,76
NodeId:14	0.330020645387,0.330031621907,36,39,44,62,98
NodeId:15	1.21079778707,1.21087278005,47,70,79,95,97
NodeId:16	0.624213642449,0.624247920718,45,52,67,80
NodeId:17	0.552181119106,0.552208276436,18,39,41,53,63,72,79,99
NodeId:18	1.04066069279,1.04071985142,52,61,62,87
NodeId:19	0.882651360856,0.882703068074,27,33,37,45,92
NodeId:2	1.01466285137,1.01472259151,31,63
NodeId:20	1.1494776716,1.1495474394,7,94
NodeId:21	9.09613466226,9.09082698132
NodeId:22	1.04557126153,1.04563434428,25,65,72,83,97
NodeId:23	0.569988090563,0.570017601489,92,99
NodeId:24	1.01861561517,1.01867235655,9,10,18,38,55,93,94
NodeId:25	0.813274253714,0.813319888966,63
NodeId:26	0.834359543255,0.834407428186,15,23,28,64
NodeId:27	1.33162798199,1.33170967255,32,68,70,92
NodeId:28	0.877411695515,0.877461825023,21,25,72
NodeId:29	0.863828451697,0.863880472786,18,23,31,36,86
NodeId:3	0.742865775237,0.74290926879,30,42,45,86
NodeId:30	0.868909601296,0.868958269815,80,84,95
NodeId:31	2.13643803047,2.13657848194,29,36,46,49,54,62,70,85
NodeId:32	0.977273387006,0.977330002002,2,3,6,27,47,69,71,91
NodeId:33	0.995510007721,0.995570672713,2,56,58,86
NodeId:34	0.967388980722,0.967448805211,0,7,77,78
NodeId:35	0.496978341333,0.496999448713,12,18,62,64,65,66,83,91
NodeId:36	0.769360989034,0.769403161208,12,20,30,34,61,75,77,99
NodeId:37	1.31437921365,1.3144617594,40,59,71,97
NodeId:38	1.16168080394,1.1617496097,30,41,98
NodeId:39	1.15225898131,1.15232941548,31,43,68,71,92
NodeId:4	0.741545610438,0.74158846565,24,42,46,86
NodeId:40	0.727897368284,0.727938178234,7,71,72,73
NodeId:41	0.946439524523,0.946492757205,44,45,49,66
NodeId:42	0.572530958531,0.572560007222,36,45,70,89,99
NodeId:43	0.918824672226,0.918881002415,4,21,24,56,67,68,80,86,90
NodeId:44	0.627942286709,0.627974433307,17,37,38
NodeId:45	1.44087060498,1.44096074506,18,53,58,83,86,90
NodeId:46	0.81759507271,0.817643001236,78
NodeId:47	0.511292533512,0.511317600681,5,14,52,70,73
NodeId:48	0.15,0.15,18,39,61,79,89
NodeId:49	1.14256118753,1.14263337699,2,29,31,39,84
NodeId:5	0.480699689784,0.48072031693,2,9,24,50,61,81,98
NodeId:50	0.827815340401,0.827862918075,0,20,46,68
NodeId:51	0.924980932137,0.925036467474,38,45,61,71
NodeId:52	0.842402875914,0.842449694339,27,31,64,91
NodeId:53	0.601721719893,0.601753090455,2,13,65,78,95
NodeId:54	0.681572523433,0.68160766919,12,69,77
NodeId:55	0.681297024715,0.681334219491,10,19,22,25,51,58,62
NodeId:56	0.541438627006,0.541466282369,29,36,80,96,98
NodeId:57	0.816963656,0.817011643841,86,94,96,98
NodeId:58	0.865736412524,0.865786031892,16,38,71,73,78
NodeId:59	0.502599175487,0.502623301558,10,24,69,92
NodeId:6	0.691756307876,0.691793138977,15,22,58,80
NodeId:60	0.54759843572,0.547627372181,14,49,53,56,65
NodeId:61	0.733345484985,0.73338297719,6,9,18,20,99
NodeId:62	1.01712628854,1.01718701676,11,22,33,91
NodeId:63	1.72412871622,1.72423733499,3,64,65,72
NodeId:64	1.00978498543,1.00984494338,3,27,28,31,33,39,78
NodeId:65	0.988563637252,0.988621552218,27,88
NodeId:66	1.0108590823,1.01091682597,8,19,72,81,83,98
NodeId:67	0.695447804641,0.695485116659,2,26,30,31,32,45
NodeId:68	0.891588381923,0.891641901869,1,6,19,28,40,81,85
NodeId:69	0.881746708139,0.881795682045,12,22,42,46,55,72,88
NodeId:7	0.998827395727,0.998888415494,12,21,38,57,93
NodeId:70	1.20442288601,1.20449905288,20,63,99
NodeId:71	1.51006601818,1.51016447633,15,16,45,84,97
NodeId:72	1.92806799118,1.92819460844,10,49,51,92,93,95
NodeId:73	0.538794480412,0.538820029385,41,50,51,84,92
NodeId:74	0.432360220092,0.432379393374,35,54,84
NodeId:75	0.434845704018,0.434865834967,29,34,37,51,54,65,85,91
NodeId:76	0.893787018973,0.893842698416,9
NodeId:77	0.630454129923,0.630486592725,0,5,32,37,40,41,44,69,79,83,85,86,87
NodeId:78	1.63204330598,1.63214612868,13,19,34,82
NodeId:79	0.984216959863,0.984274280582,0,26,43,74,90
NodeId:8	0.344816065203,0.344828478188,13,41,59,87
NodeId:80	1.18339329189,1.1834643165,31,79
NodeId:81	0.587028175113,0.587056800959,5,21,26,78,93,96
NodeId:82	0.676314129053,0.67635410612,2,23,24,32,52,53
NodeId:83	1.27075592561,1.27083394887,1,4,10,18,27,29,70
NodeId:84	1.06128737796,1.06135023794,9,21
NodeId:85	0.693753713446,0.69379241467,32,54,57,64,69,90,99
NodeId:86	1.32963262591,1.32971690977,11,60,71,95
NodeId:87	0.485653143412,0.485673865327,8,19,20,27,30,47,54,63
NodeId:88	1.26685757814,1.266939365,21,26,44,50,55,82
NodeId:89	0.578929312169,0.578958108658,16,32,35,38,40,57,58
NodeId:9	1.66758436125,1.66769174152,33,39,41,43,51,69,80
NodeId:90	0.916747190484,0.916802355989,1,26,52,93,96
NodeId:91	0.748024800212,0.748064555231,12,24,66,81,95
NodeId:92	1.61215426185,1.6122557531,22,34,39,57
NodeId:93	0.95569064316,0.955748791245,15,43,66,75
NodeId:94	1.05525375923,1.05531778668,4,17,20,90
NodeId:95	1.38724796168,1.38733700819,76,88
NodeId:96	0.811957416247,0.81200182866,12,13,24,31,60,74
NodeId:97	1.06965729598,1.06972634504,37,50,62,89
NodeId:98	1.12356123485,1.12362535682,5,13,15,28,49,66,92,94
NodeId:99	1.18020995666,1.18027870523,1,83
