NodeId:0	0.376850780756,0.470302108181,1,15,66,96
NodeId:1	0.687477964829,0.846493819144,37,72
NodeId:10	0.495549642869,0.607900936316,4,6,38,67,78,80
NodeId:11	0.33447094745,0.369670632386,6,28,40,49,51,67,89
NodeId:12	0.509617832375,0.613724369112,24,28,50,55,67,85,98
NodeId:13	0.476856449338,0.546960445092,25,32,33,35,76
NodeId:14	0.0969311665611,0.130795067637,36,39,44,62,98
NodeId:15	0.683457570115,0.813704457203,47,70,79,95,97
NodeId:16	0.29859389155,0.368954233407,45,52,67,80
NodeId:17	0.255138656616,0.312730104318,18,39,41,53,63,72,79,99
NodeId:18	0.558115521453,0.662836987902,52,61,62,87
NodeId:19	0.486370251401,0.557827270963,27,33,37,45,92
NodeId:2	0.562414612466,0.637951387858,31,63
NodeId:20	0.65503172227,0.769845175389,7,94
NodeId:21	3.6960872387,3.38948578786
NodeId:22	0.58760157197,0.707382637429,25,65,72,83,97
NodeId:23	0.267815383246,0.305759563477,92,99
NodeId:24	0.517826054297,0.63601391179,9,10,18,38,55,93,94
NodeId:25	0.431357688246,0.53554501346,63
NodeId:26	0.449133618411,0.520271674594,15,23,28,64
NodeId:27	0.765758462999,0.943270087892,32,68,70,92
NodeId:28	0.460088580319,0.581036944719,21,25,72
NodeId:29	0.482919778781,0.582241912719,18,23,31,36,86
NodeId:3	0.393139629337,0.496110660173,30,42,45,86
NodeId:30	0.448584507055,0.553745753395,80,84,95
NodeId:31	1.28524219327,1.48560786766,29,36,46,49,54,62,70,85
NodeId:32	0.525374842776,0.633813365695,2,3,6,27,47,69,71,91
NodeId:33	0.549140023131,0.690071182299,2,56,58,86
NodeId:34	0.549106548894,0.630893543835,0,7,77,78
NodeId:35	0.192102467773,0.254851114772,12,18,62,64,65,66,83,91
NodeId:36	0.385414258155,0.438189837579,12,20,30,34,61,75,77,99
NodeId:37	0.760876516012,0.934809415865,40,59,71,97
NodeId:38	0.634144862853,0.736312051342,30,41,98
NodeId:39	0.650997125404,0.763248309504,31,43,68,71,92
NodeId:4	0.402820408239,0.494447599393,24,42,46,86
NodeId:40	0.375142438643,0.411442740368,7,71,72,73
NodeId:41	0.482485540422,0.595809311514,44,45,49,66
NodeId:42	0.275827279404,0.314204344555,36,45,70,89,99
NodeId:43	0.505497787715,0.610326813297,4,21,24,56,67,68,80,86,90
NodeId:44	0.304499115836,0.360872359557,17,37,38
NodeId:45	0.819788845636,0.994990204797,18,53,58,83,86,90
NodeId:46	0.438940478291,0.519711001977,78
NodeId:47	0.234192033552,0.278239863782,5,14,52,70,73
NodeId:48	0.00151515151515,0.00151515151515,18,39,61,79,89
NodeId:49	0.663124933818,0.840449756501,2,29,31,39,84
NodeId:5	0.199228722694,0.249381605675,2,9,24,50,61,81,98
NodeId:50	0.440452490164,0.520898250515,0,20,46,68
NodeId:51	0.509875675852,0.601381686071,38,45,61,71
NodeId:52	0.42834657634,0.528084845087,27,31,64,91
NodeId:53	0.280576284699,0.338440060263,2,13,65,78,95
NodeId:54	0.326121023774,0.412583258066,12,69,77
NodeId:55	0.347154021191,0.428046527714,10,19,22,25,51,58,62
NodeId:56	0.253912492768,0.30248379686,29,36,80,96,98
NodeId:57	0.443365580403,0.510962425693,86,94,96,98
NodeId:58	0.463557432016,0.524727461797,16,38,71,73,78
NodeId:59	0.232688088953,0.248373302815,10,24,69,92
NodeId:6	0.343047738108,0.409082510007,15,22,58,80
NodeId:60	0.254613987806,0.283030812959,14,49,53,56,65
NodeId:61	0.347258917852,0.42765478854,6,9,18,20,99
NodeId:62	0.556862375441,0.687733097466,11,22,33,91
NodeId:63	1.03327569805,1.15025674152,3,64,65,72
NodeId:64	0.550395595611,0.65760676589,3,27,28,31,33,39,78
NodeId:65	0.522020180058,0.651359123157,27,88
NodeId:66	0.540286300296,0.66825236348,8,19,72,81,83,98
NodeId:67	0.343091452419,0.419731538274,2,26,30,31,32,45
NodeId:68	0.500045112854,0.580429510993,1,6,19,28,40,81,85
NodeId:69	0.451021246222,0.525564098964,12,22,42,46,55,72,88
NodeId:7	0.550195811449,0.673515347835,12,21,38,57,93
NodeId:70	0.705018798314,0.865362061617,20,63,99
NodeId:71	0.888498406954,1.01374690993,15,16,45,84,97
NodeId:72	1.16973350339,1.45327186858,10,49,51,92,93,95
NodeId:73	0.225451179192,0.286510694437,41,50,51,84,92
NodeId:74	0.174308461734,0.219056272064,35,54,84
NodeId:75	0.181980832161,0.217340642019,29,34,37,51,54,65,85,91
NodeId:76	0.500615651715,0.635614576983,9
NodeId:77	0.299036289608,0.368173555043,0,5,32,37,40,41,44,69,79,83,85,86,87
NodeId:78	0.938113846219,1.13281767601,13,19,34,82
NodeId:79	0.520572279185,0.62651168618,0,26,43,74,90
NodeId:8	0.123188690549,0.153063230899,13,41,59,87
NodeId:80	0.652741537739,0.760398433677,31,79
NodeId:81	0.26991307425,0.339313671195,5,21,26,78,93,96
NodeId:82	0.372305345502,0.400668534478,2,23,24,32,52,53
NodeId:83	0.714408654834,0.874321774453,1,4,10,18,27,29,70
NodeId:84	0.584395976743,0.702603700318,9,21
NodeId:85	0.351530716687,0.449623960024,32,54,57,64,69,90,99
NodeId:86	0.788881357316,0.879117706932,11,60,71,95
NodeId:87	0.198966834302,0.254159569014,8,19,20,27,30,47,54,63
NodeId:88	0.748278501123,0.918116031775,21,26,44,50,55,82
NodeId:89	0.255434399887,0.292666679866,16,32,35,38,40,57,58
NodeId:9	1.02060774147,1.10200939496,33,39,41,43,51,69,80
NodeId:90	0.512594592363,0.608903751388,1,26,52,93,96
NodeId:91	0.377389508572,0.429212114445,12,24,66,81,95
NodeId:92	0.942127505926,1.11631777774,22,34,39,57
NodeId:93	0.550706277235,0.630155343073,15,43,66,75
NodeId:94	0.592779598525,0.712359230871,4,17,20,90
NodeId:95	0.819933103174,0.955569940081,76,88
NodeId:96	0.413039184918,0.467903460479,12,13,24,31,60,74
NodeId:97	0.631083933162,0.731098151764,37,50,62,89
NodeId:98	0.591848632156,0.736663259222,5,13,15,28,49,66,92,94
NodeId:99	0.63714737505,0.719674369915,1,83
