NodeId:0	0.0290168575461,0.0332312013017,1,15,66,96
NodeId:1	0.0517563975589,0.0594565284938,37,72
NodeId:10	0.036285735585,0.041624448096,4,6,38,67,78,80
NodeId:11	0.0256879973953,0.0294315906044,6,28,40,49,51,67,89
NodeId:12	0.0386651999159,0.0442598371634,24,28,50,55,67,85,98
NodeId:13	0.0358152492396,0.0410300695867,25,32,33,35,76
NodeId:14	0.00903444770727,0.0101497671388,36,39,44,62,98
NodeId:15	0.0511795991392,0.0587995707156,47,70,79,95,97
NodeId:16	0.0241083940367,0.0275913802209,45,52,67,80
NodeId:17	0.0196823685918,0.0224418049501,18,39,41,53,63,72,79,99
NodeId:18	0.0412371194583,0.0472481864292,52,61,62,87
NodeId:19	0.0357709990232,0.0410249481934,27,33,37,45,92
NodeId:2	0.0412765370234,0.0473466961182,31,63
NodeId:20	0.0478463902058,0.0549354522151,7,94
NodeId:21	1.17201633895,1.30978937759
NodeId:22	0.0433247983833,0.049734596549,25,65,72,83,97
NodeId:23	0.021084631932,0.0240832080149,92,99
NodeId:24	0.0397589852324,0.0455244414006,9,10,18,38,55,93,94
NodeId:25	0.0319166079792,0.0365535774706,63
NodeId:26	0.033298017687,0.0381635642869,15,23,28,64
NodeId:27	0.0558786413581,0.0641791844365,32,68,70,92
NodeId:28	0.0348986524848,0.0399922778105,21,25,72
NodeId:29	0.0357438894599,0.041029709125,18,23,31,36,86
NodeId:3	0.0300930702491,0.0345124012396,30,42,45,86
NodeId:30	0.0340539742024,0.038999149979,80,84,95
NodeId:31	0.0945268788408,0.108798067061,29,36,46,49,54,62,70,85
NodeId:32	0.0392757476895,0.0450283634916,2,3,6,27,47,69,71,91
NodeId:33	0.0415634074124,0.0477275454867,2,56,58,86
NodeId:34	0.040842824627,0.0469215613528,0,7,77,78
NodeId:35	0.01598258396,0.0181272967513,12,18,62,64,65,66,83,91
NodeId:36	0.0296744129026,0.0339594905668,12,20,30,34,61,75,77,99
NodeId:37	0.0561485778628,0.0645359824137,40,59,71,97
NodeId:38	0.0474700022475,0.0544613090764,30,41,98
NodeId:39	0.0482205758829,0.0553773586029,31,43,68,71,92
NodeId:4	0.0297481956499,0.0341026775552,24,42,46,86
NodeId:40	0.028548079003,0.032694756633,7,71,72,73
NodeId:41	0.037207607902,0.0426165382622,44,45,49,66
NodeId:42	0.0208702407653,0.0238218711608,36,45,70,89,99
NodeId:43	0.0385374357726,0.0442611048653,4,21,24,56,67,68,80,86,90
NodeId:44	0.0230389261857,0.0263053228556,17,37,38
NodeId:45	0.0613705624919,0.0705296313908,18,53,58,83,86,90
NodeId:46	0.0331513168382,0.0380213002778,78
NodeId:47	0.0181837792147,0.0207308391258,5,14,52,70,73
NodeId:48	0.00151515151515,0.00151515151515,18,39,61,79,89
NodeId:49	0.0490342707973,0.0563694008343,2,29,31,39,84
NodeId:5	0.0155687352242,0.0176646420091,2,9,24,50,61,81,98
NodeId:50	0.0330723292685,0.0379066668757,0,20,46,68
NodeId:51	0.0381867859892,0.0438297057583,38,45,61,71
NodeId:52	0.0328253431046,0.0375825182489,27,31,64,91
NodeId:53	0.0223710170669,0.0255585610294,2,13,65,78,95
NodeId:54	0.0251383264484,0.0287094598355,12,69,77
NodeId:55	0.0261997526139,0.0299790881054,10,19,22,25,51,58,62
NodeId:56	0.0198325239313,0.022642574706,29,36,80,96,98
NodeId:57	0.0331757405534,0.038051758332,86,94,96,98
NodeId:58	0.0345157702038,0.0395575684969,16,38,71,73,78
NodeId:59	0.0176071859493,0.0200586246479,10,24,69,92
NodeId:6	0.0261165171667,0.0298588931289,15,22,58,80
NodeId:60	0.0205601179008,0.0235003149455,14,49,53,56,65
NodeId:61	0.0268799674793,0.0306895254098,6,9,18,20,99
NodeId:62	0.0418145966772,0.0479851384155,11,22,33,91
NodeId:63	0.073829094511,0.0848657692763,3,64,65,72
NodeId:64	0.0413403849187,0.0474326517559,3,27,28,31,33,39,78
NodeId:65	0.0400649609788,0.0459496331962,27,88
NodeId:66	0.0402012012068,0.0460684988902,8,19,72,81,83,98
NodeId:67	0.0264035768856,0.0301948253359,2,26,30,31,32,45
NodeId:68	0.036802761341,0.0422408814914,1,6,19,28,40,81,85
NodeId:69	0.0343422517269,0.039318464757,12,22,42,46,55,72,88
NodeId:7	0.0417811862786,0.0479813367416,12,21,38,57,93
NodeId:70	0.0517249001976,0.0594641557507,20,63,99
NodeId:71	0.066389701231,0.0763939471524,15,16,45,84,97
NodeId:72	0.085237012132,0.0981024777338,10,49,51,92,93,95
NodeId:73	0.0187118165955,0.0213078230313,41,50,51,84,92
NodeId:74	0.0143253609998,0.0162735379552,35,54,84
NodeId:75	0.0148478517973,0.016893344786,29,34,37,51,54,65,85,91
NodeId:76	0.0379465458317,0.0436041069875,9
NodeId:77	0.0232285261287,0.0265270424285,0,5,32,37,40,41,44,69,79,83,85,86,87
NodeId:78	0.0698886173836,0.0803363390035,13,19,34,82
NodeId:79	0.0397124114123,0.0455367474465,0,26,43,74,90
NodeId:8	0.00992995924818,0.0111912384529,13,41,59,87
NodeId:80	0.0488417255554,0.05605848206,31,79
NodeId:81	0.0207970699544,0.0237057237881,5,21,26,78,93,96
NodeId:82	0.0275944629632,0.0316565114448,2,23,24,32,52,53
NodeId:83	0.0533590948386,0.0612869731281,1,4,10,18,27,29,70
NodeId:84	0.0433678455029,0.0497550073358,9,21
NodeId:85	0.0271079831842,0.0310403850534,32,54,57,64,69,90,99
NodeId:86	0.0572053820781,0.0657694304324,11,60,71,95
NodeId:87	0.0156679897691,0.0177735252416,8,19,20,27,30,47,54,63
NodeId:88	0.0552744131166,0.063584748775,21,26,44,50,55,82
NodeId:89	0.0208038887579,0.0237298753269,16,32,35,38,40,57,58
NodeId:9	0.0726147000202,0.0835254973378,33,39,41,43,51,69,80
NodeId:90	0.0379115437021,0.0435168739428,1,26,52,93,96
NodeId:91	0.0282034853407,0.0322429742578,12,24,66,81,95
NodeId:92	0.0689961921561,0.0793086461996,22,34,39,57
NodeId:93	0.0398539770981,0.0457623736916,15,43,66,75
NodeId:94	0.0439132549577,0.0504190224356,4,17,20,90
NodeId:95	0.0602609536755,0.069308899969,76,88
NodeId:96	0.0312681975776,0.0357809111912,12,13,24,31,60,74
NodeId:97	0.046666827229,0.0536828582863,37,50,62,89
NodeId:98	0.0446523242311,0.0511677150229,5,13,15,28,49,66,92,94
NodeId:99	0.0476274570635,0.0546129593115,1,83
