NodeId:0	0.018015788671,0.0200781272897,1,15,66,96
NodeId:1	0.0316560805361,0.0354242299797,37,72
NodeId:10	0.0223496961347,0.0249622474978,4,6,38,67,78,80
NodeId:11	0.0159157831551,0.0177477523696,6,28,40,49,51,67,89
NodeId:12	0.0240610735016,0.0267988686768,24,28,50,55,67,85,98
NodeId:13	0.022202588161,0.0247545159699,25,32,33,35,76
NodeId:14	0.00612305104378,0.00666884276485,36,39,44,62,98
NodeId:15	0.031288559522,0.0350174770313,47,70,79,95,97
NodeId:16	0.0150164689026,0.0167209065811,45,52,67,80
NodeId:17	0.0124791932446,0.0138295532197,18,39,41,53,63,72,79,99
NodeId:18	0.0255459568888,0.0284875354411,52,61,62,87
NodeId:19	0.0220562428808,0.02462731044,27,33,37,45,92
NodeId:2	0.0254311327664,0.0284016257215,31,63
NodeId:20	0.0293412690618,0.0328103734603,7,94
NodeId:21	0.745851552843,0.835376146013
NodeId:22	0.0265928097305,0.0297295089338,25,65,72,83,97
NodeId:23	0.0132571909599,0.0147245793458,92,99
NodeId:24	0.0247089717729,0.0275303552321,9,10,18,38,55,93,94
NodeId:25	0.0198123699635,0.0220815171877,63
NodeId:26	0.020597072995,0.0229780823675,15,23,28,64
NodeId:27	0.0342111524894,0.038273099199,32,68,70,92
NodeId:28	0.0216023667892,0.0240949846415,21,25,72
NodeId:29	0.0219458778643,0.0245325519034,18,23,31,36,86
NodeId:3	0.0185568945757,0.0207195486101,30,42,45,86
NodeId:30	0.0211451999905,0.0235651723399,80,84,95
NodeId:31	0.0572737054517,0.0642574541978,29,36,46,49,54,62,70,85
NodeId:32	0.0242592551914,0.027074354878,2,3,6,27,47,69,71,91
NodeId:33	0.0254727056784,0.0284891855151,2,56,58,86
NodeId:34	0.024975054728,0.0279497420157,0,7,77,78
NodeId:35	0.0103840906931,0.0114336248257,12,18,62,64,65,66,83,91
NodeId:36	0.0184887146126,0.0205856654032,12,20,30,34,61,75,77,99
NodeId:37	0.0342542536518,0.0383587224282,40,59,71,97
NodeId:38	0.0292200463959,0.0326413143432,30,41,98
NodeId:39	0.0295387101179,0.0330409482533,31,43,68,71,92
NodeId:4	0.0183813348814,0.0205122491672,24,42,46,86
NodeId:40	0.0177237027825,0.0197529189078,7,71,72,73
NodeId:41	0.0230882400618,0.0257351584799,44,45,49,66
NodeId:42	0.0131654069439,0.0146098114679,36,45,70,89,99
NodeId:43	0.0235964847499,0.0263974225709,4,21,24,56,67,68,80,86,90
NodeId:44	0.0145124015609,0.0161108448939,17,37,38
NodeId:45	0.03746192426,0.0419440099707,18,53,58,83,86,90
NodeId:46	0.0204388134742,0.0228219903315,78
NodeId:47	0.0115349961315,0.0127814250521,5,14,52,70,73
NodeId:48	0.00151515151515,0.00151515151515,18,39,61,79,89
NodeId:49	0.0298868334332,0.0334763511996,2,29,31,39,84
NodeId:5	0.0100976155944,0.0111232710219,2,9,24,50,61,81,98
NodeId:50	0.0204528853996,0.0228186169478,0,20,46,68
NodeId:51	0.0234566698877,0.0262180854228,38,45,61,71
NodeId:52	0.0204072827337,0.0227352612003,27,31,64,91
NodeId:53	0.0140503300118,0.015610186221,2,13,65,78,95
NodeId:54	0.0158163098559,0.0175638820181,12,69,77
NodeId:55	0.0163342530092,0.0181837097619,10,19,22,25,51,58,62
NodeId:56	0.0124972506164,0.0138723737986,29,36,80,96,98
NodeId:57	0.0204475094266,0.0228336364937,86,94,96,98
NodeId:58	0.0213547906905,0.0238220427086,16,38,71,73,78
NodeId:59	0.0112080191559,0.01240765343,10,24,69,92
NodeId:6	0.0163474800388,0.0181788535365,15,22,58,80
NodeId:60	0.0128850419899,0.0143238662928,14,49,53,56,65
NodeId:61	0.0169355815652,0.0187998271816,6,9,18,20,99
NodeId:62	0.0257071189216,0.0287267420471,11,22,33,91
NodeId:63	0.0450191836184,0.0504200966128,3,64,65,72
NodeId:64	0.0254372142706,0.0284185367907,3,27,28,31,33,39,78
NodeId:65	0.0247036660018,0.0275834038363,27,88
NodeId:66	0.0248853403875,0.0277565613704,8,19,72,81,83,98
NodeId:67	0.0165069850243,0.0183622710644,2,26,30,31,32,45
NodeId:68	0.0226071923089,0.0252683948186,1,6,19,28,40,81,85
NodeId:69	0.0213524766085,0.0237876338912,12,22,42,46,55,72,88
NodeId:7	0.025596375682,0.0286304945941,12,21,38,57,93
NodeId:70	0.0315224936256,0.0353097819431,20,63,99
NodeId:71	0.0402747760756,0.0451704660528,15,16,45,84,97
NodeId:72	0.0516532118466,0.0579490725237,10,49,51,92,93,95
NodeId:73	0.0119352363024,0.0132056222306,41,50,51,84,92
NodeId:74	0.00923986135909,0.0101932255237,35,54,84
NodeId:75	0.00950834350783,0.0105093258596,29,34,37,51,54,65,85,91
NodeId:76	0.0231782029972,0.0259467837938,9
NodeId:77	0.014618131881,0.0162322978532,0,5,32,37,40,41,44,69,79,83,85,86,87
NodeId:78	0.0426160495763,0.0477287601795,13,19,34,82
NodeId:79	0.0245087406404,0.0273589313184,0,26,43,74,90
NodeId:8	0.00663755435785,0.00725477235166,13,41,59,87
NodeId:80	0.0300032498845,0.0335348463313,31,79
NodeId:81	0.0132043841969,0.0146277632672,5,21,26,78,93,96
NodeId:82	0.0169909961001,0.0189787984808,2,23,24,32,52,53
NodeId:83	0.0326642980867,0.036543892975,1,4,10,18,27,29,70
NodeId:84	0.0266949456219,0.0298205680032,9,21
NodeId:85	0.0168429178726,0.0187672806538,32,54,57,64,69,90,99
NodeId:86	0.0348500425839,0.0390409362585,11,60,71,95
NodeId:87	0.0101717344731,0.0112021017904,8,19,20,27,30,47,54,63
NodeId:88	0.0335813803138,0.0376481156248,21,26,44,50,55,82
NodeId:89	0.0131659432479,0.0145978073955,16,32,35,38,40,57,58
NodeId:9	0.0441332843787,0.0494726125265,33,39,41,43,51,69,80
NodeId:90	0.0232795142502,0.0260225406582,1,26,52,93,96
NodeId:91	0.0176589159213,0.0196356774077,12,24,66,81,95
NodeId:92	0.0420767821743,0.0471232887203,22,34,39,57
NodeId:93	0.0244308576185,0.0273221884404,15,43,66,75
NodeId:94	0.0269306925031,0.0301143639664,4,17,20,90
NodeId:95	0.0366423691528,0.0410700794521,76,88
NodeId:96	0.0194883032396,0.0216966460222,12,13,24,31,60,74
NodeId:97	0.0283523468742,0.0317857120438,37,50,62,89
NodeId:98	0.0276446892597,0.0308330617001,5,13,15,28,49,66,92,94
NodeId:99	0.0293926755828,0.0328110994271,1,83
