NodeId:0	0.0225438979226,0.0254920199049,1,15,66,96
NodeId:1	0.0399295013695,0.0453160908183,37,72
NodeId:10	0.0280858616153,0.0318205158836,4,6,38,67,78,80
NodeId:11	0.0199380884686,0.0225568970007,6,28,40,49,51,67,89
NodeId:12	0.0300722283385,0.0339859193245,24,28,50,55,67,85,98
NodeId:13	0.0278056490857,0.0314536427238,25,32,33,35,76
NodeId:14	0.00732140155583,0.00810161402479,36,39,44,62,98
NodeId:15	0.0394758410115,0.0448063511923,47,70,79,95,97
NodeId:16	0.0187587637174,0.0211952681511,45,52,67,80
NodeId:17	0.0154440670181,0.0173744139463,18,39,41,53,63,72,79,99
NodeId:18	0.0320045414706,0.0362095426179,52,61,62,87
NodeId:19	0.0277013264482,0.031376682059,27,33,37,45,92
NodeId:2	0.0319532031221,0.0361995343083,31,63
NodeId:20	0.0369580969786,0.0419172013079,7,94
NodeId:21	0.935645624128,1.04756756731
NodeId:22	0.0334798048917,0.0379637331387,25,65,72,83,97
NodeId:23	0.0164790160579,0.0185766570683,92,99
NodeId:24	0.0309036553549,0.0349368355017,9,10,18,38,55,93,94
NodeId:25	0.0247945540732,0.0280383096801,63
NodeId:26	0.025824862334,0.0292285240451,15,23,28,64
NodeId:27	0.0431296391898,0.0489362098217,32,68,70,92
NodeId:28	0.0270752052747,0.0306384171568,21,25,72
NodeId:29	0.027625228112,0.0313228904083,18,23,31,36,86
NodeId:3	0.0233052604904,0.0263967861737,30,42,45,86
NodeId:30	0.0264585373392,0.0299178999225,80,84,95
NodeId:31	0.0726073551467,0.0825906555966,29,36,46,49,54,62,70,85
NodeId:32	0.0304401411006,0.0344643358977,2,3,6,27,47,69,71,91
NodeId:33	0.0320957461011,0.0364078186849,2,56,58,86
NodeId:34	0.0315063328969,0.0357586641667,0,7,77,78
NodeId:35	0.0126884677479,0.0141887826612,12,18,62,64,65,66,83,91
NodeId:36	0.0230928193092,0.0260904197088,12,20,30,34,61,75,77,99
NodeId:37	0.0432661030182,0.0491334593507,40,59,71,97
NodeId:38	0.03673184574,0.0416225643706,30,41,98
NodeId:39	0.0372282894408,0.0422347550857,31,43,68,71,92
NodeId:4	0.0230600095809,0.0261061627724,24,42,46,86
NodeId:40	0.022179087635,0.0250798626107,7,71,72,73
NodeId:41	0.0288998644201,0.0326836498447,44,45,49,66
NodeId:42	0.0163367696223,0.0184015510855,36,45,70,89,99
NodeId:43	0.0297462762763,0.0337502287768,4,21,24,56,67,68,80,86,90
NodeId:44	0.0180219749763,0.0203069544096,17,37,38
NodeId:45	0.0473028782101,0.0537100380765,18,53,58,83,86,90
NodeId:46	0.0256713620701,0.029078124504,78
NodeId:47	0.0142716797056,0.0160534554738,5,14,52,70,73
NodeId:48	0.00151515151515,0.00151515151515,18,39,61,79,89
NodeId:49	0.0377680465079,0.0428992787758,2,29,31,39,84
NodeId:5	0.0123495638105,0.013815743255,2,9,24,50,61,81,98
NodeId:50	0.0256471305105,0.0290289522477,0,20,46,68
NodeId:51	0.0295196842519,0.0334671426216,38,45,61,71
NodeId:52	0.0255186377092,0.0288464936151,27,31,64,91
NodeId:53	0.0174751794816,0.0197050018273,2,13,65,78,95
NodeId:54	0.0196533125149,0.0221514765141,12,69,77
NodeId:55	0.0203949557018,0.0230387607082,10,19,22,25,51,58,62
NodeId:56	0.0155164972025,0.0174822423453,29,36,80,96,98
NodeId:57	0.0256865328071,0.0290975141801,86,94,96,98
NodeId:58	0.0267719355472,0.0302988835316,16,38,71,73,78
NodeId:59	0.013841958817,0.0155568406512,10,24,69,92
NodeId:6	0.0203684778488,0.0229864369474,15,22,58,80
NodeId:60	0.016044151175,0.0181009565302,14,49,53,56,65
NodeId:61	0.0210287559469,0.0236937028284,6,9,18,20,99
NodeId:62	0.0323370610544,0.0366536252507,11,22,33,91
NodeId:63	0.0568775264218,0.0645981604976,3,64,65,72
NodeId:64	0.0319830637277,0.0362448814851,3,27,28,31,33,39,78
NodeId:65	0.0310264755601,0.0351430765676,27,88
NodeId:66	0.0311894489183,0.0352938720594,8,19,72,81,83,98
NodeId:67	0.0205804874317,0.023232627984,2,26,30,31,32,45
NodeId:68	0.0284501784262,0.0322543773853,1,6,19,28,40,81,85
NodeId:69	0.0266991534565,0.0301802237558,12,22,42,46,55,72,88
NodeId:7	0.0322581490112,0.036595434374,12,21,38,57,93
NodeId:70	0.0398379356992,0.0452518775898,20,63,99
NodeId:71	0.0510238460808,0.0580222538402,15,16,45,84,97
NodeId:72	0.0654765276644,0.0744764895126,10,49,51,92,93,95
NodeId:73	0.0147245199508,0.0165405417044,41,50,51,84,92
NodeId:74	0.0113330850948,0.0126959227787,35,54,84
NodeId:75	0.0117061196716,0.0131370280194,29,34,37,51,54,65,85,91
NodeId:76	0.0292569495768,0.033214649198,9
NodeId:77	0.0181622264236,0.0204696839463,0,5,32,37,40,41,44,69,79,83,85,86,87
NodeId:78	0.0538416151996,0.0611502595646,13,19,34,82
NodeId:79	0.0307666741837,0.0348410323972,0,26,43,74,90
NodeId:8	0.00799272952221,0.00887504559908,13,41,59,87
NodeId:80	0.0377572912089,0.0428057254461,31,79
NodeId:81	0.0163295821792,0.0183643102055,5,21,26,78,93,96
NodeId:82	0.0213554527457,0.0241970245674,2,23,24,32,52,53
NodeId:83	0.0411824103605,0.0467283074756,1,4,10,18,27,29,70
NodeId:84	0.0335576205816,0.0380257138885,9,21
NodeId:85	0.0210680849117,0.0238189716164,32,54,57,64,69,90,99
NodeId:86	0.0440516488488,0.050042548648,11,60,71,95
NodeId:87	0.0124340289231,0.0139069439872,8,19,20,27,30,47,54,63
NodeId:88	0.0425103793111,0.0483237958101,21,26,44,50,55,82
NodeId:89	0.0163097709695,0.0183566258156,16,32,35,38,40,57,58
NodeId:9	0.0558564172088,0.0634890103378,33,39,41,43,51,69,80
NodeId:90	0.0293021528067,0.0332233215377,1,26,52,93,96
NodeId:91	0.0219991298481,0.02482492071,12,24,66,81,95
NodeId:92	0.0531569882538,0.0603709877793,22,34,39,57
NodeId:93	0.0307791166721,0.0349122873523,15,43,66,75
NodeId:94	0.0339208257,0.038471898448,4,17,20,90
NodeId:95	0.0463639339625,0.0526933618791,76,88
NodeId:96	0.0243369839808,0.0274938216858,12,13,24,31,60,74
NodeId:97	0.0358907091163,0.0407987210991,37,50,62,89
NodeId:98	0.0346451415737,0.0392029349694,5,13,15,28,49,66,92,94
NodeId:99	0.0368982315238,0.0417848855833,1,83
