NodeId:0	0.74009596835,0.740145557938,1,15,66,96
NodeId:1	1.22740737879,1.22749798516,37,72
NodeId:10	0.890765816827,0.890828636443,4,6,38,67,78,80
NodeId:11	0.648753927461,0.648797977738,6,28,40,49,51,67,89
NodeId:12	0.99682329793,0.996889129078,24,28,50,55,67,85,98
NodeId:13	0.906875238188,0.906936600098,25,32,33,35,76
NodeId:14	0.330031621907,0.330044745642,36,39,44,62,98
NodeId:15	1.21087278005,1.21096244306,47,70,79,95,97
NodeId:16	0.624247920718,0.624288904467,45,52,67,80
NodeId:17	0.552208276436,0.552240746255,18,39,41,53,63,72,79,99
NodeId:18	1.04071985142,1.04079058261,52,61,62,87
NodeId:19	0.882703068074,0.882764890205,27,33,37,45,92
NodeId:2	1.01472259151,1.01479401795,31,63
NodeId:20	1.1495474394,1.1496308551,7,94
NodeId:21	9.09082698132,9.08448101744
NodeId:22	1.04563434428,1.0457097672,25,65,72,83,97
NodeId:23	0.570017601489,0.57005288531,92,99
NodeId:24	1.01867235655,1.01874019762,9,10,18,38,55,93,94
NodeId:25	0.813319888966,0.81337445134,63
NodeId:26	0.834407428186,0.834464680318,15,23,28,64
NodeId:27	1.33170967255,1.33180734333,32,68,70,92
NodeId:28	0.877461825023,0.877521760812,21,25,72
NodeId:29	0.863880472786,0.863942670185,18,23,31,36,86
NodeId:3	0.74290926879,0.742961270506,30,42,45,86
NodeId:30	0.868958269815,0.869016458821,80,84,95
NodeId:31	2.13657848194,2.13674640839,29,36,46,49,54,62,70,85
NodeId:32	0.977330002002,0.977397691964,2,3,6,27,47,69,71,91
NodeId:33	0.995570672713,0.995643204926,2,56,58,86
NodeId:34	0.967448805211,0.967520332505,0,7,77,78
NodeId:35	0.496999448713,0.497024685098,12,18,62,64,65,66,83,91
NodeId:36	0.769403161208,0.769453583056,12,20,30,34,61,75,77,99
NodeId:37	1.3144617594,1.31456045265,40,59,71,97
NodeId:38	1.1617496097,1.16183187517,30,41,98
NodeId:39	1.15232941548,1.1524136279,31,43,68,71,92
NodeId:4	0.74158846565,0.741639704155,24,42,46,86
NodeId:40	0.727938178234,0.727986971383,7,71,72,73
NodeId:41	0.946492757205,0.946556403209,44,45,49,66
NodeId:42	0.572560007222,0.572594738389,36,45,70,89,99
NodeId:43	0.918881002415,0.918948351856,4,21,24,56,67,68,80,86,90
NodeId:44	0.627974433307,0.62801286839,17,37,38
NodeId:45	1.44096074506,1.44106851824,18,53,58,83,86,90
NodeId:46	0.817643001236,0.817700305489,78
NodeId:47	0.511317600681,0.511347571465,5,14,52,70,73
NodeId:48	0.15,0.15,18,39,61,79,89
NodeId:49	1.14263337699,1.14271968808,2,29,31,39,84
NodeId:5	0.48072031693,0.480744979136,2,9,24,50,61,81,98
NodeId:50	0.827862918075,0.827919802845,0,20,46,68
NodeId:51	0.925036467474,0.925102866577,38,45,61,71
NodeId:52	0.842449694339,0.842505671334,27,31,64,91
NodeId:53	0.601753090455,0.601790597695,2,13,65,78,95
NodeId:54	0.68160766919,0.681649690123,12,69,77
NodeId:55	0.681334219491,0.681378690272,10,19,22,25,51,58,62
NodeId:56	0.541466282369,0.541499347645,29,36,80,96,98
NodeId:57	0.817011643841,0.81706901901,86,94,96,98
NodeId:58	0.865786031892,0.865845357749,16,38,71,73,78
NodeId:59	0.502623301558,0.502652147145,10,24,69,92
NodeId:6	0.691793138977,0.691837174939,15,22,58,80
NodeId:60	0.547627372181,0.547661969163,14,49,53,56,65
NodeId:61	0.73338297719,0.73342780358,6,9,18,20,99
NodeId:62	1.01718701676,1.01725962456,11,22,33,91
NodeId:63	1.72423733499,1.72436720163,3,64,65,72
NodeId:64	1.00984494338,1.00991663024,3,27,28,31,33,39,78
NodeId:65	0.988621552218,0.988690796453,27,88
NodeId:66	1.01091682597,1.0109858654,8,19,72,81,83,98
NodeId:67	0.695485116659,0.695529727614,2,26,30,31,32,45
NodeId:68	0.891641901869,0.891705891332,1,6,19,28,40,81,85
NodeId:69	0.881795682045,0.881854236173,12,22,42,46,55,72,88
NodeId:7	0.998888415494,0.998961371886,12,21,38,57,93
NodeId:70	1.20449905288,1.20459011943,20,63,99
NodeId:71	1.51016447633,1.51028219476,15,16,45,84,97
NodeId:72	1.92819460844,1.92834599444,10,49,51,92,93,95
NodeId:73	0.538820029385,0.538850576221,41,50,51,84,92
NodeId:74	0.432379393374,0.432402317312,35,54,84
NodeId:75	0.434865834967,0.43488990391,29,34,37,51,54,65,85,91
NodeId:76	0.893842698416,0.893909269815,9
NodeId:77	0.630486592725,0.630525405866,0,5,32,37,40,41,44,69,79,83,85,86,87
NodeId:78	1.63214612868,1.63226906544,13,19,34,82
NodeId:79	0.984274280582,0.984342814323,0,26,43,74,90
NodeId:8	0.344828478188,0.344843319387,13,41,59,87
NodeId:80	1.1834643165,1.18354923487,31,79
NodeId:81	0.587056800959,0.587091026564,5,21,26,78,93,96
NodeId:82	0.67635410612,0.676401903462,2,23,24,32,52,53
NodeId:83	1.27083394887,1.27092723496,1,4,10,18,27,29,70
NodeId:84	1.06135023794,1.06142539453,9,21
NodeId:85	0.69379241467,0.693838686587,32,54,57,64,69,90,99
NodeId:86	1.32971690977,1.32981768114,11,60,71,95
NodeId:87	0.485673865327,0.485698640841,8,19,20,27,30,47,54,63
NodeId:88	1.266939365,1.26703715092,21,26,44,50,55,82
NodeId:89	0.578958108658,0.578992538284,16,32,35,38,40,57,58
NodeId:9	1.66769174152,1.6678201274,33,39,41,43,51,69,80
NodeId:90	0.916802355989,0.916868312914,1,26,52,93,96
NodeId:91	0.748064555231,0.748112087083,12,24,66,81,95
NodeId:92	1.6122557531,1.61237709795,22,34,39,57
NodeId:93	0.955748791245,0.955818314198,15,43,66,75
NodeId:94	1.05531778668,1.0553943391,4,17,20,90
NodeId:95	1.38733700819,1.38744347388,76,88
NodeId:96	0.81200182866,0.812054928982,12,13,24,31,60,74
NodeId:97	1.06972634504,1.06980890141,37,50,62,89
NodeId:98	1.12362535682,1.12370202226,5,13,15,28,49,66,92,94
NodeId:99	1.18027870523,1.18036090232,1,83
