NodeId:0	0.136065240225,0.161317219228,1,15,66,96
NodeId:1	0.247427710596,0.293365391725,37,72
NodeId:10	0.171913898169,0.203646117951,4,6,38,67,78,80
NodeId:11	0.120781817972,0.143118889157,6,28,40,49,51,67,89
NodeId:12	0.180771694997,0.214009382598,24,28,50,55,67,85,98
NodeId:13	0.168282816146,0.199387139271,25,32,33,35,76
NodeId:14	0.0373811173813,0.0440617636894,36,39,44,62,98
NodeId:15	0.244786524295,0.290286296798,47,70,79,95,97
NodeId:16	0.112587159847,0.133442184169,45,52,67,80
NodeId:17	0.0898248665204,0.106232945211,18,39,41,53,63,72,79,99
NodeId:18	0.193938645322,0.229770848113,52,61,62,87
NodeId:19	0.169212996576,0.200572531526,27,33,37,45,92
NodeId:2	0.195474155696,0.231682318955,31,63
NodeId:20	0.227965261541,0.270243386008,7,94
NodeId:21	3.12353701467,3.34335332843
NodeId:22	0.206134651181,0.244330449578,25,65,72,83,97
NodeId:23	0.0972651647416,0.115155072827,92,99
NodeId:24	0.186177820751,0.220687584935,9,10,18,38,55,93,94
NodeId:25	0.149691148577,0.177403528835,63
NodeId:26	0.156906274212,0.185991021027,15,23,28,64
NodeId:27	0.266827692154,0.316204151606,32,68,70,92
NodeId:28	0.164288786768,0.194705634262,21,25,72
NodeId:29	0.170013047317,0.201544127799,18,23,31,36,86
NodeId:3	0.142345514782,0.168828794993,30,42,45,86
NodeId:30	0.159685726268,0.18922885642,80,84,95
NodeId:31	0.457006966906,0.542123994665,29,36,46,49,54,62,70,85
NodeId:32	0.185394477005,0.219788241601,2,3,6,27,47,69,71,91
NodeId:33	0.198175049902,0.234814198771,2,56,58,86
NodeId:34	0.195236753141,0.231525433675,0,7,77,78
NodeId:35	0.070468119292,0.0832770586393,12,18,62,64,65,66,83,91
NodeId:36	0.138521606128,0.164089968997,12,20,30,34,61,75,77,99
NodeId:37	0.269252081839,0.319247835044,40,59,71,97
NodeId:38	0.225064380659,0.266751760562,30,41,98
NodeId:39	0.230069230702,0.272586074092,31,43,68,71,92
NodeId:4	0.140372940358,0.166348857859,24,42,46,86
NodeId:40	0.133867604598,0.158758727531,7,71,72,73
NodeId:41	0.174614457602,0.206893658211,44,45,49,66
NodeId:42	0.0958393396675,0.113482465652,36,45,70,89,99
NodeId:43	0.183921655792,0.218053925446,4,21,24,56,67,68,80,86,90
NodeId:44	0.106010761722,0.125546937307,17,37,38
NodeId:45	0.29405394515,0.34871487365,18,53,58,83,86,90
NodeId:46	0.156808316468,0.186004627037,78
NodeId:47	0.0829033166307,0.0981116354969,5,14,52,70,73
NodeId:48	0.00151515151515,0.00151515151515,18,39,61,79,89
NodeId:49	0.235374091538,0.279190808161,2,29,31,39,84
NodeId:5	0.0688214518061,0.0812604769289,2,9,24,50,61,81,98
NodeId:50	0.155854032616,0.184679629665,0,20,46,68
NodeId:51	0.181565700822,0.215088185438,38,45,61,71
NodeId:52	0.153682489155,0.182136226043,27,31,64,91
NodeId:53	0.103355083075,0.122476756449,2,13,65,78,95
NodeId:54	0.115871598158,0.137147879081,12,69,77
NodeId:55	0.122156079956,0.144755145976,10,19,22,25,51,58,62
NodeId:56	0.0911941384333,0.108004467445,29,36,80,96,98
NodeId:57	0.157075011619,0.186088579973,86,94,96,98
NodeId:58	0.162580552472,0.192655543628,16,38,71,73,78
NodeId:59	0.0798674786519,0.0945356735322,10,24,69,92
NodeId:6	0.121171943952,0.143626426315,15,22,58,80
NodeId:60	0.0952481744533,0.112864634304,14,49,53,56,65
NodeId:61	0.123607174735,0.146429817406,6,9,18,20,99
NodeId:62	0.198564890047,0.235371706202,11,22,33,91
NodeId:63	0.354200364798,0.41997323476,3,64,65,72
NodeId:64	0.196116232282,0.232511589965,3,27,28,31,33,39,78
NodeId:65	0.189550031236,0.224852611432,27,88
NodeId:66	0.189232688104,0.224244566294,8,19,72,81,83,98
NodeId:67	0.122681040064,0.145364026793,2,26,30,31,32,45
NodeId:68	0.174886569479,0.207386396353,1,6,19,28,40,81,85
NodeId:69	0.160796154284,0.190226539352,12,22,42,46,55,72,88
NodeId:7	0.199303974825,0.236495214283,12,21,38,57,93
NodeId:70	0.248304733333,0.294539942819,20,63,99
NodeId:71	0.320491540039,0.380308718462,15,16,45,84,97
NodeId:72	0.412032925363,0.488886139467,10,49,51,92,93,95
NodeId:73	0.0846818015667,0.100121547882,41,50,51,84,92
NodeId:74	0.0638216600524,0.0754908364395,35,54,84
NodeId:75	0.0667762013411,0.0790415717462,29,34,37,51,54,65,85,91
NodeId:76	0.18168144156,0.215512145829,9
NodeId:77	0.107007431117,0.126678855777,0,5,32,37,40,41,44,69,79,83,85,86,87
NodeId:78	0.335349837704,0.397566241977,13,19,34,82
NodeId:79	0.187640175123,0.222492144045,0,26,43,74,90
NodeId:8	0.04197012573,0.0494689985409,13,41,59,87
NodeId:80	0.232228398492,0.275173361655,31,79
NodeId:81	0.0946623728675,0.112063698486,5,21,26,78,93,96
NodeId:82	0.130755337683,0.155042961405,2,23,24,32,52,53
NodeId:83	0.2547846056,0.302036473671,1,4,10,18,27,29,70
NodeId:84	0.205654647158,0.243702868169,9,21
NodeId:85	0.126966328653,0.150553866212,32,54,57,64,69,90,99
NodeId:86	0.274722848832,0.32588319477,11,60,71,95
NodeId:87	0.0691364671914,0.0817599434336,8,19,20,27,30,47,54,63
NodeId:88	0.266446924663,0.315934304103,21,26,44,50,55,82
NodeId:89	0.0951501296726,0.112560689922,16,32,35,38,40,57,58
NodeId:9	0.349832385198,0.415196489431,33,39,41,43,51,69,80
NodeId:90	0.180353695283,0.21377159243,1,26,52,93,96
NodeId:91	0.130834442266,0.154878021514,12,24,66,81,95
NodeId:92	0.330923549537,0.392499054128,22,34,39,57
NodeId:93	0.189992847204,0.225065838212,15,43,66,75
NodeId:94	0.209178975359,0.248179213027,4,17,20,90
NodeId:95	0.290138025523,0.344165826749,76,88
NodeId:96	0.145916504643,0.172820075644,12,13,24,31,60,74
NodeId:97	0.224892645484,0.26685487522,37,50,62,89
NodeId:98	0.210112076998,0.249117961179,5,13,15,28,49,66,92,94
NodeId:99	0.225097479917,0.266901148052,1,83
