NodeId:0	0.319846107558,0.376850780756,1,15,66,96
NodeId:1	0.5869940436,0.687477964829,37,72
NodeId:10	0.408456533985,0.495549642869,4,6,38,67,78,80
NodeId:11	0.287485694726,0.33447094745,6,28,40,49,51,67,89
NodeId:12	0.426247514927,0.509617832375,24,28,50,55,67,85,98
NodeId:13	0.396137710674,0.476856449338,25,32,33,35,76
NodeId:14	0.084612175146,0.0969311665611,36,39,44,62,98
NodeId:15	0.580888210947,0.683457570115,47,70,79,95,97
NodeId:16	0.262381678412,0.29859389155,45,52,67,80
NodeId:17	0.213755565689,0.255138656616,18,39,41,53,63,72,79,99
NodeId:18	0.456187728693,0.558115521453,52,61,62,87
NodeId:19	0.401419309752,0.486370251401,27,33,37,45,92
NodeId:2	0.459997629513,0.562414612466,31,63
NodeId:20	0.541956803659,0.65503172227,7,94
NodeId:21	3.8074345778,3.6960872387
NodeId:22	0.489869428125,0.58760157197,25,65,72,83,97
NodeId:23	0.2317956651,0.267815383246,92,99
NodeId:24	0.445789747708,0.517826054297,9,10,18,38,55,93,94
NodeId:25	0.354985863087,0.431357688246,63
NodeId:26	0.370001948616,0.449133618411,15,23,28,64
NodeId:27	0.627624994708,0.765758462999,32,68,70,92
NodeId:28	0.389889971886,0.460088580319,21,25,72
NodeId:29	0.40005358286,0.482919778781,18,23,31,36,86
NodeId:3	0.343741065291,0.393139629337,30,42,45,86
NodeId:30	0.375426814057,0.448584507055,80,84,95
NodeId:31	1.08842953314,1.28524219327,29,36,46,49,54,62,70,85
NodeId:32	0.43990758079,0.525374842776,2,3,6,27,47,69,71,91
NodeId:33	0.474361636353,0.549140023131,2,56,58,86
NodeId:34	0.461352167192,0.549106548894,0,7,77,78
NodeId:35	0.162985179666,0.192102467773,12,18,62,64,65,66,83,91
NodeId:36	0.326702556527,0.385414258155,12,20,30,34,61,75,77,99
NodeId:37	0.635644150789,0.760876516012,40,59,71,97
NodeId:38	0.532575311876,0.634144862853,30,41,98
NodeId:39	0.549057532543,0.650997125404,31,43,68,71,92
NodeId:4	0.332174762376,0.402820408239,24,42,46,86
NodeId:40	0.315104911259,0.375142438643,7,71,72,73
NodeId:41	0.416285621611,0.482485540422,44,45,49,66
NodeId:42	0.225423525113,0.275827279404,36,45,70,89,99
NodeId:43	0.441637974243,0.505497787715,4,21,24,56,67,68,80,86,90
NodeId:44	0.246080120945,0.304499115836,17,37,38
NodeId:45	0.688608215007,0.819788845636,18,53,58,83,86,90
NodeId:46	0.372034491073,0.438940478291,78
NodeId:47	0.194664241624,0.234192033552,5,14,52,70,73
NodeId:48	0.00151515151515,0.00151515151515,18,39,61,79,89
NodeId:49	0.55309518263,0.663124933818,2,29,31,39,84
NodeId:5	0.162001772686,0.199228722694,2,9,24,50,61,81,98
NodeId:50	0.366027533311,0.440452490164,0,20,46,68
NodeId:51	0.431589247936,0.509875675852,38,45,61,71
NodeId:52	0.363262885463,0.42834657634,27,31,64,91
NodeId:53	0.240788022119,0.280576284699,2,13,65,78,95
NodeId:54	0.270621094344,0.326121023774,12,69,77
NodeId:55	0.287049181502,0.347154021191,10,19,22,25,51,58,62
NodeId:56	0.209233242086,0.253912492768,29,36,80,96,98
NodeId:57	0.368953441483,0.443365580403,86,94,96,98
NodeId:58	0.380413255041,0.463557432016,16,38,71,73,78
NodeId:59	0.189379007909,0.232688088953,10,24,69,92
NodeId:6	0.287907203705,0.343047738108,15,22,58,80
NodeId:60	0.227666324475,0.254613987806,14,49,53,56,65
NodeId:61	0.293863180813,0.347258917852,6,9,18,20,99
NodeId:62	0.469820621031,0.556862375441,11,22,33,91
NodeId:63	0.855199431421,1.03327569805,3,64,65,72
NodeId:64	0.470647538677,0.550395595611,3,27,28,31,33,39,78
NodeId:65	0.45170720153,0.522020180058,27,88
NodeId:66	0.448600224503,0.540286300296,8,19,72,81,83,98
NodeId:67	0.285407171964,0.343091452419,2,26,30,31,32,45
NodeId:68	0.41624594811,0.500045112854,1,6,19,28,40,81,85
NodeId:69	0.385352589757,0.451021246222,12,22,42,46,55,72,88
NodeId:7	0.476306543332,0.550195811449,12,21,38,57,93
NodeId:70	0.590436500432,0.705018798314,20,63,99
NodeId:71	0.764200400734,0.888498406954,15,16,45,84,97
NodeId:72	0.981648746027,1.16973350339,10,49,51,92,93,95
NodeId:73	0.199850328873,0.225451179192,41,50,51,84,92
NodeId:74	0.148526323507,0.174308461734,35,54,84
NodeId:75	0.159490500357,0.181980832161,29,34,37,51,54,65,85,91
NodeId:76	0.431052316752,0.500615651715,9
NodeId:77	0.25155151482,0.299036289608,0,5,32,37,40,41,44,69,79,83,85,86,87
NodeId:78	0.793076734032,0.938113846219,13,19,34,82
NodeId:79	0.442036522779,0.520572279185,0,26,43,74,90
NodeId:8	0.0991959368683,0.123188690549,13,41,59,87
NodeId:80	0.550003329091,0.652741537739,31,79
NodeId:81	0.227123750069,0.26991307425,5,21,26,78,93,96
NodeId:82	0.306870464829,0.372305345502,2,23,24,32,52,53
NodeId:83	0.60483562547,0.714408654834,1,4,10,18,27,29,70
NodeId:84	0.480104161066,0.584395976743,9,21
NodeId:85	0.299561899813,0.351530716687,32,54,57,64,69,90,99
NodeId:86	0.647091046286,0.788881357316,11,60,71,95
NodeId:87	0.165844669348,0.198966834302,8,19,20,27,30,47,54,63
NodeId:88	0.626612162501,0.748278501123,21,26,44,50,55,82
NodeId:89	0.223383029902,0.255434399887,16,32,35,38,40,57,58
NodeId:9	0.82151169883,1.02060774147,33,39,41,43,51,69,80
NodeId:90	0.422542187264,0.512594592363,1,26,52,93,96
NodeId:91	0.306439481432,0.377389508572,12,24,66,81,95
NodeId:92	0.787781899684,0.942127505926,22,34,39,57
NodeId:93	0.449018330017,0.550706277235,15,43,66,75
NodeId:94	0.499881614504,0.592779598525,4,17,20,90
NodeId:95	0.6900056017,0.819933103174,76,88
NodeId:96	0.344355018252,0.413039184918,12,13,24,31,60,74
NodeId:97	0.530326194504,0.631083933162,37,50,62,89
NodeId:98	0.497662920998,0.591848632156,5,13,15,28,49,66,92,94
NodeId:99	0.531761289052,0.63714737505,1,83
