NodeId:0	0.739966520732,0.739990787914,1,15,66,96
NodeId:1	1.22717086185,1.22721520102,37,72
NodeId:10	0.89060183383,0.890632575263,4,6,38,67,78,80
NodeId:11	0.648638939542,0.648660496005,6,28,40,49,51,67,89
NodeId:12	0.996651453686,0.996683668845,24,28,50,55,67,85,98
NodeId:13	0.906715060352,0.906745088442,25,32,33,35,76
NodeId:14	0.329997363984,0.330003786221,36,39,44,62,98
NodeId:15	1.2106387256,1.21068260313,47,70,79,95,97
NodeId:16	0.624140937606,0.62416099343,45,52,67,80
NodeId:17	0.552123517907,0.552139407351,18,39,41,53,63,72,79,99
NodeId:18	1.04053521623,1.04056982927,52,61,62,87
NodeId:19	0.882541688889,0.882571942194,27,33,37,45,92
NodeId:2	1.01453614142,1.0145710947,31,63
NodeId:20	1.14932969281,1.14937051315,7,94
NodeId:21	9.10739235175,9.10428688812
NodeId:22	1.04543746185,1.04547437085,25,65,72,83,97
NodeId:23	0.569925497345,0.569942763851,92,99
NodeId:24	1.01849526566,1.01852846439,9,10,18,38,55,93,94
NodeId:25	0.813177460498,0.813204161164,63
NodeId:26	0.834257978429,0.834285995358,15,23,28,64
NodeId:27	1.3314547148,1.33150251102,32,68,70,92
NodeId:28	0.877305369902,0.877334700104,21,25,72
NodeId:29	0.863718114005,0.863748550952,18,23,31,36,86
NodeId:3	0.742773524602,0.742798972185,30,42,45,86
NodeId:30	0.868806374466,0.868834849862,80,84,95
NodeId:31	2.13614013029,2.13622230685,29,36,46,49,54,62,70,85
NodeId:32	0.977153305552,0.977186430341,2,3,6,27,47,69,71,91
NodeId:33	0.99538133615,0.995416830544,2,56,58,86
NodeId:34	0.967262091871,0.967297094498,0,7,77,78
NodeId:35	0.496933572187,0.496945921875,12,18,62,64,65,66,83,91
NodeId:36	0.769271541077,0.769296215534,12,20,30,34,61,75,77,99
NodeId:37	1.31420413261,1.31425242918,40,59,71,97
NodeId:38	1.16153486565,1.16157512312,30,41,98
NodeId:39	1.15210958914,1.15215079937,31,43,68,71,92
NodeId:4	0.741454713739,0.741479787834,24,42,46,86
NodeId:40	0.727810809624,0.727834687061,7,71,72,73
NodeId:41	0.946326617023,0.946357762858,44,45,49,66
NodeId:42	0.572469345719,0.572486341777,36,45,70,89,99
NodeId:43	0.918705194854,0.918738153005,4,21,24,56,67,68,80,86,90
NodeId:44	0.627874103178,0.627892911787,17,37,38
NodeId:45	1.44067941622,1.44073215615,18,53,58,83,86,90
NodeId:46	0.817493415423,0.817521457857,78
NodeId:47	0.511239365581,0.511254032097,5,14,52,70,73
NodeId:48	0.15,0.15,18,39,61,79,89
NodeId:49	1.14240807234,1.14245030957,2,29,31,39,84
NodeId:5	0.480655939227,0.480668007934,2,9,24,50,61,81,98
NodeId:50	0.827714427274,0.827742264428,0,20,46,68
NodeId:51	0.924863140661,0.924895633754,38,45,61,71
NodeId:52	0.842303573172,0.842330966098,27,31,64,91
NodeId:53	0.60165518235,0.601673536908,2,13,65,78,95
NodeId:54	0.681497978633,0.681518542015,12,69,77
NodeId:55	0.681218133905,0.681239896147,10,19,22,25,51,58,62
NodeId:56	0.541379969469,0.541396150307,29,36,80,96,98
NodeId:57	0.816861872902,0.816889950041,86,94,96,98
NodeId:58	0.865631168925,0.865660200652,16,38,71,73,78
NodeId:59	0.502548003644,0.502562119533,10,24,69,92
NodeId:6	0.691678188428,0.691699737886,15,22,58,80
NodeId:60	0.547537060947,0.547553991341,14,49,53,56,65
NodeId:61	0.733265963328,0.733287899589,6,9,18,20,99
NodeId:62	1.01699748288,1.01703301426,11,22,33,91
NodeId:63	1.72389833382,1.72396188542,3,64,65,72
NodeId:64	1.00965781351,1.00969289422,3,27,28,31,33,39,78
NodeId:65	0.988440798529,0.988474683917,27,88
NodeId:66	1.0107366069,1.01077039206,8,19,72,81,83,98
NodeId:67	0.695368665163,0.695390495999,2,26,30,31,32,45
NodeId:68	0.891474865126,0.891506179037,1,6,19,28,40,81,85
NodeId:69	0.88164283358,0.881671487653,12,22,42,46,55,72,88
NodeId:7	0.99869797167,0.998733673642,12,21,38,57,93
NodeId:70	1.20426133468,1.20430589904,20,63,99
NodeId:71	1.50985718661,1.50991479336,15,16,45,84,97
NodeId:72	1.92779943361,1.92787351593,10,49,51,92,93,95
NodeId:73	0.538740290568,0.53875523898,41,50,51,84,92
NodeId:74	0.432319553208,0.432330771277,35,54,84
NodeId:75	0.434803005904,0.434814784292,29,34,37,51,54,65,85,91
NodeId:76	0.893668921839,0.893701499246,9
NodeId:77	0.630385275719,0.630404269334,0,5,32,37,40,41,44,69,79,83,85,86,87
NodeId:78	1.63182521714,1.63188537753,13,19,34,82
NodeId:79	0.984095381555,0.984128919255,0,26,43,74,90
NodeId:8	0.344789737034,0.344796999731,13,41,59,87
NodeId:80	1.18324264738,1.18328420307,31,79
NodeId:81	0.586967459163,0.58698420782,5,21,26,78,93,96
NodeId:82	0.676229336951,0.676252727079,2,23,24,32,52,53
NodeId:83	1.27059043682,1.27063608735,1,4,10,18,27,29,70
NodeId:84	1.06115405078,1.06119082944,9,21
NodeId:85	0.693671627435,0.69369427108,32,54,57,64,69,90,99
NodeId:86	1.3294538583,1.32950317182,11,60,71,95
NodeId:87	0.48560919185,0.485621316005,8,19,20,27,30,47,54,63
NodeId:88	1.26668410668,1.26673195924,21,26,44,50,55,82
NodeId:89	0.578868234287,0.578885082782,16,32,35,38,40,57,58
NodeId:9	1.66735660573,1.6674194327,33,39,41,43,51,69,80
NodeId:90	0.916630183424,0.916662460133,1,26,52,93,96
NodeId:91	0.74794047908,0.747963739289,12,24,66,81,95
NodeId:92	1.61193899705,1.61199837842,22,34,39,57
NodeId:93	0.955567309997,0.955601331779,15,43,66,75
NodeId:94	1.05511795584,1.05515541757,4,17,20,90
NodeId:95	1.38705909238,1.38711119248,76,88
NodeId:96	0.811863216698,0.811889201894,12,13,24,31,60,74
NodeId:97	1.06951084165,1.06955124147,37,50,62,89
NodeId:98	1.12342523096,1.123462748,5,13,15,28,49,66,92,94
NodeId:99	1.18006413967,1.18010436368,1,83
