NodeId:0	0.740145557938,0.740204848187,1,15,66,96
NodeId:1	1.22749798516,1.22760631584,37,72
NodeId:10	0.890828636443,0.890903744764,4,6,38,67,78,80
NodeId:11	0.648797977738,0.648850645087,6,28,40,49,51,67,89
NodeId:12	0.996889129078,0.996967838052,24,28,50,55,67,85,98
NodeId:13	0.906936600098,0.907009965562,25,32,33,35,76
NodeId:14	0.330044745642,0.330060436628,36,39,44,62,98
NodeId:15	1.21096244306,1.21106964587,47,70,79,95,97
NodeId:16	0.624288904467,0.624337905413,45,52,67,80
NodeId:17	0.552240746255,0.552279567788,18,39,41,53,63,72,79,99
NodeId:18	1.04079058261,1.04087515016,52,61,62,87
NodeId:19	0.882764890205,0.882838805915,27,33,37,45,92
NodeId:2	1.01479401795,1.01487941676,31,63
NodeId:20	1.1496308551,1.1497305885,7,94
NodeId:21	9.08448101744,9.0768936628
NodeId:22	1.0457097672,1.04579994429,25,65,72,83,97
NodeId:23	0.57005288531,0.570095071318,92,99
NodeId:24	1.01874019762,1.01882130969,9,10,18,38,55,93,94
NodeId:25	0.81337445134,0.813439687146,63
NodeId:26	0.834464680318,0.834533132047,15,23,28,64
NodeId:27	1.33180734333,1.33192412037,32,68,70,92
NodeId:28	0.877521760812,0.877593421177,21,25,72
NodeId:29	0.863942670185,0.864017034575,18,23,31,36,86
NodeId:3	0.742961270506,0.743023444746,30,42,45,86
NodeId:30	0.869016458821,0.869086030697,80,84,95
NodeId:31	2.13674640839,2.13694718443,29,36,46,49,54,62,70,85
NodeId:32	0.977397691964,0.977478623361,2,3,6,27,47,69,71,91
NodeId:33	0.995643204926,0.995729925814,2,56,58,86
NodeId:34	0.967520332505,0.967605851891,0,7,77,78
NodeId:35	0.497024685098,0.497054858196,12,18,62,64,65,66,83,91
NodeId:36	0.769453583056,0.769513868373,12,20,30,34,61,75,77,99
NodeId:37	1.31456045265,1.31467845217,40,59,71,97
NodeId:38	1.16183187517,1.16193023333,30,41,98
NodeId:39	1.1524136279,1.15251431387,31,43,68,71,92
NodeId:4	0.741639704155,0.741700965887,24,42,46,86
NodeId:40	0.727986971383,0.728045309396,7,71,72,73
NodeId:41	0.946556403209,0.946632499571,44,45,49,66
NodeId:42	0.572594738389,0.572636263627,36,45,70,89,99
NodeId:43	0.918948351856,0.919028876121,4,21,24,56,67,68,80,86,90
NodeId:44	0.62801286839,0.628058822103,17,37,38
NodeId:45	1.44106851824,1.4411973739,18,53,58,83,86,90
NodeId:46	0.817700305489,0.817768819535,78
NodeId:47	0.511347571465,0.5113834051,5,14,52,70,73
NodeId:48	0.15,0.15,18,39,61,79,89
NodeId:49	1.14271968808,1.14282288325,2,29,31,39,84
NodeId:5	0.480744979136,0.480774465739,2,9,24,50,61,81,98
NodeId:50	0.827919802845,0.827987815351,0,20,46,68
NodeId:51	0.925102866577,0.925182254597,38,45,61,71
NodeId:52	0.842505671334,0.842572598487,27,31,64,91
NodeId:53	0.601790597695,0.601835442057,2,13,65,78,95
NodeId:54	0.681649690123,0.681699931146,12,69,77
NodeId:55	0.681378690272,0.681431860376,10,19,22,25,51,58,62
NodeId:56	0.541499347645,0.541538881114,29,36,80,96,98
NodeId:57	0.81706901901,0.817137617854,86,94,96,98
NodeId:58	0.865845357749,0.865916288865,16,38,71,73,78
NodeId:59	0.502652147145,0.502686635475,10,24,69,92
NodeId:6	0.691837174939,0.69188982517,15,22,58,80
NodeId:60	0.547661969163,0.547703333973,14,49,53,56,65
NodeId:61	0.73342780358,0.73348139886,6,9,18,20,99
NodeId:62	1.01725962456,1.01734643582,11,22,33,91
NodeId:63	1.72436720163,1.72452247265,3,64,65,72
NodeId:64	1.00991663024,1.01000234041,3,27,28,31,33,39,78
NodeId:65	0.988690796453,0.988773586175,27,88
NodeId:66	1.0109858654,1.01106841025,8,19,72,81,83,98
NodeId:67	0.695529727614,0.695583065316,2,26,30,31,32,45
NodeId:68	0.891705891332,0.891782398344,1,6,19,28,40,81,85
NodeId:69	0.881854236173,0.881924244599,12,22,42,46,55,72,88
NodeId:7	0.998961371886,0.999048599923,12,21,38,57,93
NodeId:70	1.20459011943,1.20469900031,20,63,99
NodeId:71	1.51028219476,1.51042294115,15,16,45,84,97
NodeId:72	1.92834599444,1.92852699442,10,49,51,92,93,95
NodeId:73	0.538850576221,0.538887098597,41,50,51,84,92
NodeId:74	0.432402317312,0.432429725607,35,54,84
NodeId:75	0.43488990391,0.434918681195,29,34,37,51,54,65,85,91
NodeId:76	0.893909269815,0.893988863841,9
NodeId:77	0.630525405866,0.630571811594,0,5,32,37,40,41,44,69,79,83,85,86,87
NodeId:78	1.63226906544,1.63241605097,13,19,34,82
NodeId:79	0.984342814323,0.984424754561,0,26,43,74,90
NodeId:8	0.344843319387,0.344861063806,13,41,59,87
NodeId:80	1.18354923487,1.18365076488,31,79
NodeId:81	0.587091026564,0.587131947344,5,21,26,78,93,96
NodeId:82	0.676401903462,0.676459050865,2,23,24,32,52,53
NodeId:83	1.27092723496,1.27103876958,1,4,10,18,27,29,70
NodeId:84	1.06142539453,1.06151525317,9,21
NodeId:85	0.693838686587,0.693894010165,32,54,57,64,69,90,99
NodeId:86	1.32981768114,1.3299381653,11,60,71,95
NodeId:87	0.485698640841,0.485728262914,8,19,20,27,30,47,54,63
NodeId:88	1.26703715092,1.26715406563,21,26,44,50,55,82
NodeId:89	0.578992538284,0.579033702998,16,32,35,38,40,57,58
NodeId:9	1.6678201274,1.66797362799,33,39,41,43,51,69,80
NodeId:90	0.916868312914,0.916947172264,1,26,52,93,96
NodeId:91	0.748112087083,0.74816891707,12,24,66,81,95
NodeId:92	1.61237709795,1.61252218015,22,34,39,57
NodeId:93	0.955818314198,0.955901437156,15,43,66,75
NodeId:94	1.0553943391,1.05548586663,4,17,20,90
NodeId:95	1.38744347388,1.38757076628,76,88
NodeId:96	0.812054928982,0.81211841673,12,13,24,31,60,74
NodeId:97	1.06980890141,1.06990760736,37,50,62,89
NodeId:98	1.12370202226,1.12379368491,5,13,15,28,49,66,92,94
NodeId:99	1.18036090232,1.18045917872,1,83
