NodeId:0	0.0382699755215,0.0442943997803,1,15,66,96
NodeId:1	0.068662975105,0.0796704425165,37,72
NodeId:10	0.048007497814,0.0556391475132,4,6,38,67,78,80
NodeId:11	0.0339075010449,0.0392590194531,6,28,40,49,51,67,89
NodeId:12	0.0509489444832,0.0589464644088,24,28,50,55,67,85,98
NodeId:13	0.047265024944,0.0547196604154,25,32,33,35,76
NodeId:14	0.0114832645821,0.0130776114527,36,39,44,62,98
NodeId:15	0.0679101758092,0.0788030420642,47,70,79,95,97
NodeId:16	0.0317556939519,0.0367347305355,45,52,67,80
NodeId:17	0.0257410345244,0.0296856475355,18,39,41,53,63,72,79,99
NodeId:18	0.0544351173309,0.0630280115783,52,61,62,87
NodeId:19	0.0473066042136,0.0548172720758,27,33,37,45,92
NodeId:2	0.0546042635293,0.0632815265302,31,63
NodeId:20	0.0634112367885,0.0735450418371,7,94
NodeId:21	1.46154842725,1.62774139766
NodeId:22	0.0573982622792,0.0665610874422,25,65,72,83,97
NodeId:23	0.0276683830515,0.0319548740012,92,99
NodeId:24	0.0524177238649,0.0606595104251,9,10,18,38,55,93,94
NodeId:25	0.0420976221666,0.0487261308609,63
NodeId:26	0.0439808971843,0.0509362328334,15,23,28,64
NodeId:27	0.0741034566655,0.0859690060478,32,68,70,92
NodeId:28	0.046082315926,0.0533636852505,21,25,72
NodeId:29	0.0473495405115,0.0549056525483,18,23,31,36,86
NodeId:3	0.0397962926891,0.0461137763607,30,42,45,86
NodeId:30	0.0449116928063,0.0519808479653,80,84,95
NodeId:31	0.125860902583,0.146261744696,29,36,46,49,54,62,70,85
NodeId:32	0.051906281818,0.0601295958413,2,3,6,27,47,69,71,91
NodeId:33	0.0550975221447,0.0639091837243,2,56,58,86
NodeId:34	0.0541893531646,0.0628790345259,0,7,77,78
NodeId:35	0.0206915440712,0.0237574368045,12,18,62,64,65,66,83,91
NodeId:36	0.0390828215297,0.0452083283472,12,20,30,34,61,75,77,99
NodeId:37	0.074564168705,0.086553958451,40,59,71,97
NodeId:38	0.0628202127106,0.072814341562,30,41,98
NodeId:39	0.0639340900712,0.0741647701042,31,43,68,71,92
NodeId:4	0.0393090180128,0.0455336807151,24,42,46,86
NodeId:40	0.0376525743239,0.0435802706874,7,71,72,73
NodeId:41	0.0490835941315,0.0568157333205,44,45,49,66
NodeId:42	0.0273508679911,0.0315702081321,36,45,70,89,99
NodeId:43	0.0511044322097,0.0592864760699,4,21,24,56,67,68,80,86,90
NodeId:44	0.0302106883954,0.0348799031269,17,37,38
NodeId:45	0.0814804278248,0.094573155963,18,53,58,83,86,90
NodeId:46	0.0438439372245,0.0508056411123,78
NodeId:47	0.0237761505721,0.0274172257251,5,14,52,70,73
NodeId:48	0.00151515151515,0.00151515151515,18,39,61,79,89
NodeId:49	0.065139432987,0.0756248831171,2,29,31,39,84
NodeId:5	0.0201705791268,0.0231666197667,2,9,24,50,61,81,98
NodeId:50	0.0436866843012,0.0505973474637,0,20,46,68
NodeId:51	0.0505764767457,0.058643014524,38,45,61,71
NodeId:52	0.0432703333365,0.0500707327259,27,31,64,91
NodeId:53	0.029369621147,0.0339262567352,2,13,65,78,95
NodeId:54	0.0329791891001,0.0380841408389,12,69,77
NodeId:55	0.0344977372229,0.0399002692506,10,19,22,25,51,58,62
NodeId:56	0.0260023160457,0.0300192316349,29,36,80,96,98
NodeId:57	0.0438816034002,0.0508518228632,86,94,96,98
NodeId:58	0.0455856110295,0.0527928258588,16,38,71,73,78
NodeId:59	0.0229896026497,0.0264939036824,10,24,69,92
NodeId:6	0.0343333345156,0.0396831813995,15,22,58,80
NodeId:60	0.0270157060375,0.0312187334922,14,49,53,56,65
NodeId:61	0.0352442947495,0.0406900477065,6,9,18,20,99
NodeId:62	0.0553627966324,0.0641835849639,11,22,33,91
NodeId:63	0.0980613237232,0.113838500284,3,64,65,72
NodeId:64	0.0547167434477,0.0634256848687,3,27,28,31,33,39,78
NodeId:65	0.0529855409565,0.0613977273738,27,88
NodeId:66	0.0530835646435,0.0614708499506,8,19,72,81,83,98
NodeId:67	0.0347277242256,0.0401473162626,2,26,30,31,32,45
NodeId:68	0.0487427908495,0.0565165680468,1,6,19,28,40,81,85
NodeId:69	0.0452681033537,0.0523816740373,12,22,42,46,55,72,88
NodeId:7	0.0553943966537,0.0642576780328,12,21,38,57,93
NodeId:70	0.0687173884288,0.0797805875382,20,63,99
NodeId:71	0.0883552143901,0.102656332773,15,16,45,84,97
NodeId:72	0.11348477641,0.131875973148,10,49,51,92,93,95
NodeId:73	0.0244116678055,0.0281227005664,41,50,51,84,92
NodeId:74	0.0186028327454,0.0213877581744,35,54,84
NodeId:75	0.0193389517504,0.022263033098,29,34,37,51,54,65,85,91
NodeId:76	0.050368348745,0.0584558738805,9
NodeId:77	0.0304708378098,0.0351860814232,0,5,32,37,40,41,44,69,79,83,85,86,87
NodeId:78	0.0928279121493,0.107762875888,13,19,34,82
NodeId:79	0.0525003989086,0.0608262613692,0,26,43,74,90
NodeId:8	0.0126992342727,0.0145022821821,13,41,59,87
NodeId:80	0.0646870149584,0.075003355373,31,79
NodeId:81	0.027183357527,0.0313413454669,5,21,26,78,93,96
NodeId:82	0.0365131338433,0.0423199138312,2,23,24,32,52,53
NodeId:83	0.0707656826585,0.0820987328647,1,4,10,18,27,29,70
NodeId:84	0.0573915890523,0.0665221134115,9,21
NodeId:85	0.0357420486404,0.0413634346618,32,54,57,64,69,90,99
NodeId:86	0.0760086814345,0.0882510010583,11,60,71,95
NodeId:87	0.02029096734,0.0233008220974,8,19,20,27,30,47,54,63
NodeId:88	0.0735206724557,0.0854002673076,21,26,44,50,55,82
NodeId:89	0.0272282572838,0.0314109391595,16,32,35,38,40,57,58
NodeId:9	0.0965707378611,0.112167917612,33,39,41,43,51,69,80
NodeId:90	0.0502187045752,0.0582314683692,1,26,52,93,96
NodeId:91	0.0370726385095,0.0428471761126,12,24,66,81,95
NodeId:92	0.091638423976,0.106380039387,22,34,39,57
NodeId:93	0.0528265575684,0.0612725428156,15,43,66,75
NodeId:94	0.0581974512453,0.0674976178351,4,17,20,90
NodeId:95	0.0801268264279,0.0930608351983,76,88
NodeId:96	0.0411763667687,0.0476274126883,12,13,24,31,60,74
NodeId:97	0.0620713462735,0.0721008375566,37,50,62,89
NodeId:98	0.0589576022244,0.0682715002022,5,13,15,28,49,66,92,94
NodeId:99	0.0629649039786,0.072950720108,1,83
