NodeId:0	0.0442943997803,0.0514974056072,1,15,66,96
NodeId:1	0.0796704425165,0.092830929051,37,72
NodeId:10	0.0556391475132,0.0647639317669,4,6,38,67,78,80
NodeId:11	0.0392590194531,0.0456574276376,6,28,40,49,51,67,89
NodeId:12	0.0589464644088,0.0685084535652,24,28,50,55,67,85,98
NodeId:13	0.0547196604154,0.0636325051038,25,32,33,35,76
NodeId:14	0.0130776114527,0.0149837665511,36,39,44,62,98
NodeId:15	0.0788030420642,0.0918267971602,47,70,79,95,97
NodeId:16	0.0367347305355,0.0426875098258,45,52,67,80
NodeId:17	0.0296856475355,0.0344019874736,18,39,41,53,63,72,79,99
NodeId:18	0.0630280115783,0.0733017570745,52,61,62,87
NodeId:19	0.0548172720758,0.0637967307098,27,33,37,45,92
NodeId:2	0.0632815265302,0.0736566743679,31,63
NodeId:20	0.0735450418371,0.0856615184419,7,94
NodeId:21	1.62774139766,1.80850032743
NodeId:22	0.0665610874422,0.0775162929072,25,65,72,83,97
NodeId:23	0.0319548740012,0.0370800000323,92,99
NodeId:24	0.0606595104251,0.0705134410489,9,10,18,38,55,93,94
NodeId:25	0.0487261308609,0.0566514178681,63
NodeId:26	0.0509362328334,0.0592522486486,15,23,28,64
NodeId:27	0.0859690060478,0.100155624263,32,68,70,92
NodeId:28	0.0533636852505,0.0620692967296,21,25,72
NodeId:29	0.0549056525483,0.0639398976683,18,23,31,36,86
NodeId:3	0.0461137763607,0.0536668547048,30,42,45,86
NodeId:30	0.0519808479653,0.0604327167687,80,84,95
NodeId:31	0.146261744696,0.170653099126,29,36,46,49,54,62,70,85
NodeId:32	0.0601295958413,0.0699617842106,2,3,6,27,47,69,71,91
NodeId:33	0.0639091837243,0.0744442913521,2,56,58,86
NodeId:34	0.0628790345259,0.0732682923573,0,7,77,78
NodeId:35	0.0237574368045,0.0274231227725,12,18,62,64,65,66,83,91
NodeId:36	0.0452083283472,0.0525322174291,12,20,30,34,61,75,77,99
NodeId:37	0.086553958451,0.100889167913,40,59,71,97
NodeId:38	0.072814341562,0.0847636148594,30,41,98
NodeId:39	0.0741647701042,0.0863965872787,31,43,68,71,92
NodeId:4	0.0455336807151,0.0529763403414,24,42,46,86
NodeId:40	0.0435802706874,0.0506676190771,7,71,72,73
NodeId:41	0.0568157333205,0.0660600379966,44,45,49,66
NodeId:42	0.0315702081321,0.036614749632,36,45,70,89,99
NodeId:43	0.0592864760699,0.0690689511048,4,21,24,56,67,68,80,86,90
NodeId:44	0.0348799031269,0.0404628584269,17,37,38
NodeId:45	0.094573155963,0.110227535396,18,53,58,83,86,90
NodeId:46	0.0508056411123,0.0591290048766,78
NodeId:47	0.0274172257251,0.0317704143857,5,14,52,70,73
NodeId:48	0.00151515151515,0.00151515151515,18,39,61,79,89
NodeId:49	0.0756248831171,0.0881617883015,2,29,31,39,84
NodeId:5	0.0231666197667,0.0267488472513,2,9,24,50,61,81,98
NodeId:50	0.0505973474637,0.0588599897548,0,20,46,68
NodeId:51	0.058643014524,0.0682874100919,38,45,61,71
NodeId:52	0.0500707327259,0.0582015098761,27,31,64,91
NodeId:53	0.0339262567352,0.0393741359152,2,13,65,78,95
NodeId:54	0.0380841408389,0.0441877753423,12,69,77
NodeId:55	0.0399002692506,0.0463596242435,10,19,22,25,51,58,62
NodeId:56	0.0300192316349,0.034822086442,29,36,80,96,98
NodeId:57	0.0508518228632,0.0591858194437,86,94,96,98
NodeId:58	0.0527928258588,0.0614100561873,16,38,71,73,78
NodeId:59	0.0264939036824,0.0306839428382,10,24,69,92
NodeId:6	0.0396831813995,0.0460793178963,15,22,58,80
NodeId:60	0.0312187334922,0.036244055835,14,49,53,56,65
NodeId:61	0.0406900477065,0.0472013477997,6,9,18,20,99
NodeId:62	0.0641835849639,0.074730105986,11,22,33,91
NodeId:63	0.113838500284,0.132701632059,3,64,65,72
NodeId:64	0.0634256848687,0.0738383755581,3,27,28,31,33,39,78
NodeId:65	0.0613977273738,0.0714553920592,27,88
NodeId:66	0.0614708499506,0.0714991873882,8,19,72,81,83,98
NodeId:67	0.0401473162626,0.0466270945396,2,26,30,31,32,45
NodeId:68	0.0565165680468,0.0658111558529,1,6,19,28,40,81,85
NodeId:69	0.0523816740373,0.0608866396319,12,22,42,46,55,72,88
NodeId:7	0.0642576780328,0.074854327232,12,21,38,57,93
NodeId:70	0.0797805875382,0.0930080000642,20,63,99
NodeId:71	0.102656332773,0.119755367932,15,16,45,84,97
NodeId:72	0.131875973148,0.153864621905,10,49,51,92,93,95
NodeId:73	0.0281227005664,0.0325596455917,41,50,51,84,92
NodeId:74	0.0213877581744,0.0247175382411,35,54,84
NodeId:75	0.022263033098,0.0257591516215,29,34,37,51,54,65,85,91
NodeId:76	0.0584558738805,0.0681254590162,9
NodeId:77	0.0351860814232,0.0408237198082,0,5,32,37,40,41,44,69,79,83,85,86,87
NodeId:78	0.107762875888,0.125620010873,13,19,34,82
NodeId:79	0.0608262613692,0.0707808535185,0,26,43,74,90
NodeId:8	0.0145022821821,0.0166579011093,13,41,59,87
NodeId:80	0.075003355373,0.0873377039811,31,79
NodeId:81	0.0313413454669,0.0363124704738,5,21,26,78,93,96
NodeId:82	0.0423199138312,0.0492623791384,2,23,24,32,52,53
NodeId:83	0.0820987328647,0.0956483350515,1,4,10,18,27,29,70
NodeId:84	0.0665221134115,0.0774387672578,9,21
NodeId:85	0.0413634346618,0.0480842851994,32,54,57,64,69,90,99
NodeId:86	0.0882510010583,0.102888096075,11,60,71,95
NodeId:87	0.0233008220974,0.0268995681911,8,19,20,27,30,47,54,63
NodeId:88	0.0854002673076,0.0996036000392,21,26,44,50,55,82
NodeId:89	0.0314109391595,0.0364119981653,16,32,35,38,40,57,58
NodeId:9	0.112167917612,0.130816215256,33,39,41,43,51,69,80
NodeId:90	0.0582314683692,0.0678120853193,1,26,52,93,96
NodeId:91	0.0428471761126,0.0497512556279,12,24,66,81,95
NodeId:92	0.106380039387,0.12400551877,22,34,39,57
NodeId:93	0.0612725428156,0.0713709810872,15,43,66,75
NodeId:94	0.0674976178351,0.0786165621932,4,17,20,90
NodeId:95	0.0930608351983,0.10852516823,76,88
NodeId:96	0.0476274126883,0.0553401992552,12,13,24,31,60,74
NodeId:97	0.0721008375566,0.0840921799349,37,50,62,89
NodeId:98	0.0682715002022,0.0794069452919,5,13,15,28,49,66,92,94
NodeId:99	0.072950720108,0.0848899823093,1,83
