NodeId:0	0.0200781272897,0.0225438979226,1,15,66,96
NodeId:1	0.0354242299797,0.0399295013695,37,72
NodeId:10	0.0249622474978,0.0280858616153,4,6,38,67,78,80
NodeId:11	0.0177477523696,0.0199380884686,6,28,40,49,51,67,89
NodeId:12	0.0267988686768,0.0300722283385,24,28,50,55,67,85,98
NodeId:13	0.0247545159699,0.0278056490857,25,32,33,35,76
NodeId:14	0.00666884276485,0.00732140155583,36,39,44,62,98
NodeId:15	0.0350174770313,0.0394758410115,47,70,79,95,97
NodeId:16	0.0167209065811,0.0187587637174,45,52,67,80
NodeId:17	0.0138295532197,0.0154440670181,18,39,41,53,63,72,79,99
NodeId:18	0.0284875354411,0.0320045414706,52,61,62,87
NodeId:19	0.02462731044,0.0277013264482,27,33,37,45,92
NodeId:2	0.0284016257215,0.0319532031221,31,63
NodeId:20	0.0328103734603,0.0369580969786,7,94
NodeId:21	0.835376146013,0.935645624128
NodeId:22	0.0297295089338,0.0334798048917,25,65,72,83,97
NodeId:23	0.0147245793458,0.0164790160579,92,99
NodeId:24	0.0275303552321,0.0309036553549,9,10,18,38,55,93,94
NodeId:25	0.0220815171877,0.0247945540732,63
NodeId:26	0.0229780823675,0.025824862334,15,23,28,64
NodeId:27	0.038273099199,0.0431296391898,32,68,70,92
NodeId:28	0.0240949846415,0.0270752052747,21,25,72
NodeId:29	0.0245325519034,0.027625228112,18,23,31,36,86
NodeId:3	0.0207195486101,0.0233052604904,30,42,45,86
NodeId:30	0.0235651723399,0.0264585373392,80,84,95
NodeId:31	0.0642574541978,0.0726073551467,29,36,46,49,54,62,70,85
NodeId:32	0.027074354878,0.0304401411006,2,3,6,27,47,69,71,91
NodeId:33	0.0284891855151,0.0320957461011,2,56,58,86
NodeId:34	0.0279497420157,0.0315063328969,0,7,77,78
NodeId:35	0.0114336248257,0.0126884677479,12,18,62,64,65,66,83,91
NodeId:36	0.0205856654032,0.0230928193092,12,20,30,34,61,75,77,99
NodeId:37	0.0383587224282,0.0432661030182,40,59,71,97
NodeId:38	0.0326413143432,0.03673184574,30,41,98
NodeId:39	0.0330409482533,0.0372282894408,31,43,68,71,92
NodeId:4	0.0205122491672,0.0230600095809,24,42,46,86
NodeId:40	0.0197529189078,0.022179087635,7,71,72,73
NodeId:41	0.0257351584799,0.0288998644201,44,45,49,66
NodeId:42	0.0146098114679,0.0163367696223,36,45,70,89,99
NodeId:43	0.0263974225709,0.0297462762763,4,21,24,56,67,68,80,86,90
NodeId:44	0.0161108448939,0.0180219749763,17,37,38
NodeId:45	0.0419440099707,0.0473028782101,18,53,58,83,86,90
NodeId:46	0.0228219903315,0.0256713620701,78
NodeId:47	0.0127814250521,0.0142716797056,5,14,52,70,73
NodeId:48	0.00151515151515,0.00151515151515,18,39,61,79,89
NodeId:49	0.0334763511996,0.0377680465079,2,29,31,39,84
NodeId:5	0.0111232710219,0.0123495638105,2,9,24,50,61,81,98
NodeId:50	0.0228186169478,0.0256471305105,0,20,46,68
NodeId:51	0.0262180854228,0.0295196842519,38,45,61,71
NodeId:52	0.0227352612003,0.0255186377092,27,31,64,91
NodeId:53	0.015610186221,0.0174751794816,2,13,65,78,95
NodeId:54	0.0175638820181,0.0196533125149,12,69,77
NodeId:55	0.0181837097619,0.0203949557018,10,19,22,25,51,58,62
NodeId:56	0.0138723737986,0.0155164972025,29,36,80,96,98
NodeId:57	0.0228336364937,0.0256865328071,86,94,96,98
NodeId:58	0.0238220427086,0.0267719355472,16,38,71,73,78
NodeId:59	0.01240765343,0.013841958817,10,24,69,92
NodeId:6	0.0181788535365,0.0203684778488,15,22,58,80
NodeId:60	0.0143238662928,0.016044151175,14,49,53,56,65
NodeId:61	0.0187998271816,0.0210287559469,6,9,18,20,99
NodeId:62	0.0287267420471,0.0323370610544,11,22,33,91
NodeId:63	0.0504200966128,0.0568775264218,3,64,65,72
NodeId:64	0.0284185367907,0.0319830637277,3,27,28,31,33,39,78
NodeId:65	0.0275834038363,0.0310264755601,27,88
NodeId:66	0.0277565613704,0.0311894489183,8,19,72,81,83,98
NodeId:67	0.0183622710644,0.0205804874317,2,26,30,31,32,45
NodeId:68	0.0252683948186,0.0284501784262,1,6,19,28,40,81,85
NodeId:69	0.0237876338912,0.0266991534565,12,22,42,46,55,72,88
NodeId:7	0.0286304945941,0.0322581490112,12,21,38,57,93
NodeId:70	0.0353097819431,0.0398379356992,20,63,99
NodeId:71	0.0451704660528,0.0510238460808,15,16,45,84,97
NodeId:72	0.0579490725237,0.0654765276644,10,49,51,92,93,95
NodeId:73	0.0132056222306,0.0147245199508,41,50,51,84,92
NodeId:74	0.0101932255237,0.0113330850948,35,54,84
NodeId:75	0.0105093258596,0.0117061196716,29,34,37,51,54,65,85,91
NodeId:76	0.0259467837938,0.0292569495768,9
NodeId:77	0.0162322978532,0.0181622264236,0,5,32,37,40,41,44,69,79,83,85,86,87
NodeId:78	0.0477287601795,0.0538416151996,13,19,34,82
NodeId:79	0.0273589313184,0.0307666741837,0,26,43,74,90
NodeId:8	0.00725477235166,0.00799272952221,13,41,59,87
NodeId:80	0.0335348463313,0.0377572912089,31,79
NodeId:81	0.0146277632672,0.0163295821792,5,21,26,78,93,96
NodeId:82	0.0189787984808,0.0213554527457,2,23,24,32,52,53
NodeId:83	0.036543892975,0.0411824103605,1,4,10,18,27,29,70
NodeId:84	0.0298205680032,0.0335576205816,9,21
NodeId:85	0.0187672806538,0.0210680849117,32,54,57,64,69,90,99
NodeId:86	0.0390409362585,0.0440516488488,11,60,71,95
NodeId:87	0.0112021017904,0.0124340289231,8,19,20,27,30,47,54,63
NodeId:88	0.0376481156248,0.0425103793111,21,26,44,50,55,82
NodeId:89	0.0145978073955,0.0163097709695,16,32,35,38,40,57,58
NodeId:9	0.0494726125265,0.0558564172088,33,39,41,43,51,69,80
NodeId:90	0.0260225406582,0.0293021528067,1,26,52,93,96
NodeId:91	0.0196356774077,0.0219991298481,12,24,66,81,95
NodeId:92	0.0471232887203,0.0531569882538,22,34,39,57
NodeId:93	0.0273221884404,0.0307791166721,15,43,66,75
NodeId:94	0.0301143639664,0.0339208257,4,17,20,90
NodeId:95	0.0410700794521,0.0463639339625,76,88
NodeId:96	0.0216966460222,0.0243369839808,12,13,24,31,60,74
NodeId:97	0.0317857120438,0.0358907091163,37,50,62,89
NodeId:98	0.0308330617001,0.0346451415737,5,13,15,28,49,66,92,94
NodeId:99	0.0328110994271,0.0368982315238,1,83
