NodeId:0	0.0827151593123,0.0974434736347,1,15,66,96
NodeId:1	0.149876095356,0.176757662258,37,72
NodeId:10	0.104312182886,0.122964182068,4,6,38,67,78,80
NodeId:11	0.073389870794,0.0864640233488,6,28,40,49,51,67,89
NodeId:12	0.109950501483,0.129488883286,24,28,50,55,67,85,98
NodeId:13	0.102260984834,0.12046517209,25,32,33,35,76
NodeId:14	0.0232463361391,0.0271406174962,36,39,44,62,98
NodeId:15	0.148278883562,0.174882482513,47,70,79,95,97
NodeId:16	0.0684893301138,0.0806543289678,45,52,67,80
NodeId:17	0.05484225833,0.0644864688009,18,39,41,53,63,72,79,99
NodeId:18	0.117831094828,0.138822946462,52,61,62,87
NodeId:19	0.102716354627,0.121059528791,27,33,37,45,92
NodeId:2	0.118622950554,0.139824039682,31,63
NodeId:20	0.138174498141,0.162946703312,7,94
NodeId:21	2.43167127596,2.6601528611
NodeId:22	0.125001072478,0.147384622532,25,65,72,83,97
NodeId:23	0.0592930904213,0.0697682336536,92,99
NodeId:24	0.113222165238,0.133367757983,9,10,18,38,55,93,94
NodeId:25	0.0910009157124,0.107193110014,63
NodeId:26	0.0952961969444,0.112294034767,15,23,28,64
NodeId:27	0.161639014338,0.190634666372,32,68,70,92
NodeId:28	0.0998030918379,0.117596561469,21,25,72
NodeId:29	0.103096512958,0.121560014462,18,23,31,36,86
NodeId:3	0.086403579755,0.101835993798,30,42,45,86
NodeId:30	0.0970651528535,0.114337152724,80,84,95
NodeId:31	0.276369489935,0.326213900848,29,36,46,49,54,62,70,85
NodeId:32	0.11257341205,0.132668293536,2,3,6,27,47,69,71,91
NodeId:33	0.120106040792,0.141636463366,2,56,58,86
NodeId:34	0.118297915625,0.139520952905,0,7,77,78
NodeId:35	0.0433107117803,0.0508015056887,12,18,62,64,65,66,83,91
NodeId:36	0.0842758755446,0.0992448003586,12,20,30,34,61,75,77,99
NodeId:37	0.163018207069,0.192323495221,40,59,71,97
NodeId:38	0.136556031219,0.160971841674,30,41,98
NodeId:39	0.139415973775,0.164411352339,31,43,68,71,92
NodeId:4	0.0852315705663,0.100444320854,24,42,46,86
NodeId:40	0.0813872812979,0.0958722468091,7,71,72,73
NodeId:41	0.106130658868,0.125021175144,44,45,49,66
NodeId:42	0.0584794263192,0.0687896747724,36,45,70,89,99
NodeId:43	0.111471109886,0.131467931864,4,21,24,56,67,68,80,86,90
NodeId:44	0.0646592150822,0.0760727527309,17,37,38
NodeId:45	0.178076938641,0.21006564767,18,53,58,83,86,90
NodeId:46	0.0952059739755,0.112220375156,78
NodeId:47	0.0506376299545,0.0595341613505,5,14,52,70,73
NodeId:48	0.00151515151515,0.00151515151515,18,39,61,79,89
NodeId:49	0.142499148489,0.168125210475,2,29,31,39,84
NodeId:5	0.0422751172735,0.0495946591793,2,9,24,50,61,81,98
NodeId:50	0.0946715642048,0.111559855874,0,20,46,68
NodeId:51	0.110090222596,0.129803514445,38,45,61,71
NodeId:52	0.0934412000401,0.110056384039,27,31,64,91
NodeId:53	0.0629867701658,0.074119658885,2,13,65,78,95
NodeId:54	0.0706445541702,0.0831154556246,12,69,77
NodeId:55	0.0743565102016,0.0875598982752,10,19,22,25,51,58,62
NodeId:56	0.0556396929619,0.0654537936481,29,36,80,96,98
NodeId:57	0.0953063237156,0.112337905401,86,94,96,98
NodeId:58	0.098759656413,0.116363135482,16,38,71,73,78
NodeId:59	0.0488454092136,0.0574078968676,10,24,69,92
NodeId:6	0.073803183015,0.0868741924314,15,22,58,80
NodeId:60	0.0580231239634,0.0682963364373,14,49,53,56,65
NodeId:61	0.0754228188682,0.0887232007725,6,9,18,20,99
NodeId:62	0.12044047443,0.141996459903,11,22,33,91
NodeId:63	0.214458212077,0.253002134328,3,64,65,72
NodeId:64	0.11897010407,0.140242681822,3,27,28,31,33,39,78
NodeId:65	0.115047656588,0.135595103853,27,88
NodeId:66	0.11496565449,0.135453426744,8,19,72,81,83,98
NodeId:67	0.0747133909494,0.0879526159055,2,26,30,31,32,45
NodeId:68	0.106097833177,0.1250937269,1,6,19,28,40,81,85
NodeId:69	0.0977523783755,0.115127006569,12,22,42,46,55,72,88
NodeId:7	0.120788555362,0.142429141376,12,21,38,57,93
NodeId:70	0.150337236516,0.177372574064,20,63,99
NodeId:71	0.193868134183,0.228811932202,15,16,45,84,97
NodeId:72	0.249168006252,0.294098868242,10,49,51,92,93,95
NodeId:73	0.0517905444236,0.0608578126172,41,50,51,84,92
NodeId:74	0.039148173777,0.0459602255913,35,54,84
NodeId:75	0.0409124447721,0.048054461307,29,34,37,51,54,65,85,91
NodeId:76	0.11003419267,0.129797182915,9
NodeId:77	0.0652574931392,0.0767736345776,0,5,32,37,40,41,44,69,79,83,85,86,87
NodeId:78	0.203018302065,0.239497842439,13,19,34,82
NodeId:79	0.113923049662,0.134267772724,0,26,43,74,90
NodeId:8	0.0260008371945,0.0304071292425,13,41,59,87
NodeId:80	0.140801949309,0.165997172903,31,79
NodeId:81	0.0578599361211,0.0680199517632,5,21,26,78,93,96
NodeId:82	0.0793517873395,0.0935312051268,2,23,24,32,52,53
NodeId:83	0.154377817306,0.182056965697,1,4,10,18,27,29,70
NodeId:84	0.124757884438,0.147054806595,9,21
NodeId:85	0.0772145822281,0.0909577944028,32,54,57,64,69,90,99
NodeId:86	0.166330004643,0.196237513174,11,60,71,95
NodeId:87	0.0424963571709,0.0498489432841,8,19,20,27,30,47,54,63
NodeId:88	0.161162740493,0.190188312749,21,26,44,50,55,82
NodeId:89	0.0580875563299,0.06830696429,16,32,35,38,40,57,58
NodeId:9	0.211640858868,0.249759784985,33,39,41,43,51,69,80
NodeId:90	0.109334423994,0.128918035335,1,26,52,93,96
NodeId:91	0.0796758335343,0.0937846351986,12,24,66,81,95
NodeId:92	0.200398763705,0.23641847548,22,34,39,57
NodeId:93	0.11513899405,0.135776626912,15,43,66,75
NodeId:94	0.126817145574,0.149520753919,4,17,20,90
NodeId:95	0.175548908025,0.207152851528,76,88
NodeId:96	0.0887730653205,0.104523535756,12,13,24,31,60,74
NodeId:97	0.136067330582,0.160571207109,37,50,62,89
NodeId:98	0.127671788965,0.150429966373,5,13,15,28,49,66,92,94
NodeId:99	0.136640724695,0.161038282049,1,83
