NodeId:0	0.0704049205114,0.0827151593123,1,15,66,96
NodeId:1	0.127380469073,0.149876095356,37,72
NodeId:10	0.0887168902636,0.104312182886,4,6,38,67,78,80
NodeId:11	0.0624538783182,0.073389870794,6,28,40,49,51,67,89
NodeId:12	0.0936122454593,0.109950501483,24,28,50,55,67,85,98
NodeId:13	0.0870307813672,0.102260984834,25,32,33,35,76
NodeId:14	0.0199874796812,0.0232463361391,36,39,44,62,98
NodeId:15	0.126015487735,0.148278883562,47,70,79,95,97
NodeId:16	0.0583153648994,0.0684893301138,45,52,67,80
NodeId:17	0.0467839058896,0.05484225833,18,39,41,53,63,72,79,99
NodeId:18	0.10027161666,0.117831094828,52,61,62,87
NodeId:19	0.0873708928307,0.102716354627,27,33,37,45,92
NodeId:2	0.10089052374,0.118622950554,31,63
NodeId:20	0.117468481623,0.138174498141,7,94
NodeId:21	2.21182547363,2.43167127596
NodeId:22	0.10627560248,0.125001072478,25,65,72,83,97
NodeId:23	0.0505335037751,0.0592930904213,92,99
NodeId:24	0.0963814553446,0.113222165238,9,10,18,38,55,93,94
NodeId:25	0.0774562487558,0.0910009157124,63
NodeId:26	0.0810815316082,0.0952961969444,15,23,28,64
NodeId:27	0.137396851436,0.161639014338,32,68,70,92
NodeId:28	0.0849231585284,0.0998030918379,21,25,72
NodeId:29	0.0876558379402,0.103096512958,18,23,31,36,86
NodeId:3	0.0734948163918,0.086403579755,30,42,45,86
NodeId:30	0.0826207345023,0.0970651528535,80,84,95
NodeId:31	0.234685918038,0.276369489935,29,36,46,49,54,62,70,85
NodeId:32	0.0957700912276,0.11257341205,2,3,6,27,47,69,71,91
NodeId:33	0.102100516968,0.120106040792,2,56,58,86
NodeId:34	0.100542537025,0.118297915625,0,7,77,78
NodeId:35	0.03704499049,0.0433107117803,12,18,62,64,65,66,83,91
NodeId:36	0.071757944445,0.0842758755446,12,20,30,34,61,75,77,99
NodeId:37	0.138522474364,0.163018207069,40,59,71,97
NodeId:38	0.116132084763,0.136556031219,30,41,98
NodeId:39	0.118506803823,0.139415973775,31,43,68,71,92
NodeId:4	0.0725150590523,0.0852315705663,24,42,46,86
NodeId:40	0.0692717810723,0.0813872812979,7,71,72,73
NodeId:41	0.0903286706687,0.106130658868,44,45,49,66
NodeId:42	0.0498575526183,0.0584794263192,36,45,70,89,99
NodeId:43	0.0947490688833,0.111471109886,4,21,24,56,67,68,80,86,90
NodeId:44	0.0551180179946,0.0646592150822,17,37,38
NodeId:45	0.151322094797,0.178076938641,18,53,58,83,86,90
NodeId:46	0.0809787576195,0.0952059739755,78
NodeId:47	0.0431987247004,0.0506376299545,5,14,52,70,73
NodeId:48	0.00151515151515,0.00151515151515,18,39,61,79,89
NodeId:49	0.121071661535,0.142499148489,2,29,31,39,84
NodeId:5	0.0361523365586,0.0422751172735,2,9,24,50,61,81,98
NodeId:50	0.0805497794728,0.0946715642048,0,20,46,68
NodeId:51	0.0936051713362,0.110090222596,38,45,61,71
NodeId:52	0.079544994193,0.0934412000401,27,31,64,91
NodeId:53	0.0536751420504,0.0629867701658,2,13,65,78,95
NodeId:54	0.0602096340108,0.0706445541702,12,69,77
NodeId:55	0.0633160095134,0.0743565102016,10,19,22,25,51,58,62
NodeId:56	0.047429443302,0.0556396929619,29,36,80,96,98
NodeId:57	0.0810634886103,0.0953063237156,86,94,96,98
NodeId:58	0.0840309216747,0.098759656413,16,38,71,73,78
NodeId:59	0.0416816984211,0.0488454092136,10,24,69,92
NodeId:6	0.0628704504774,0.073803183015,15,22,58,80
NodeId:60	0.0494364617555,0.0580231239634,14,49,53,56,65
NodeId:61	0.0642937260994,0.0754228188682,6,9,18,20,99
NodeId:62	0.102415470301,0.12044047443,11,22,33,91
NodeId:63	0.182218462099,0.214458212077,3,64,65,72
NodeId:64	0.101172037981,0.11897010407,3,27,28,31,33,39,78
NodeId:65	0.0978580962884,0.115047656588,27,88
NodeId:66	0.0978237065191,0.11496565449,8,19,72,81,83,98
NodeId:67	0.0636372799421,0.0747133909494,2,26,30,31,32,45
NodeId:68	0.090209692042,0.106097833177,1,6,19,28,40,81,85
NodeId:69	0.0832138226698,0.0977523783755,12,22,42,46,55,72,88
NodeId:7	0.102672417571,0.120788555362,12,21,38,57,93
NodeId:70	0.127730887955,0.150337236516,20,63,99
NodeId:71	0.164641398244,0.193868134183,15,16,45,84,97
NodeId:72	0.211591107052,0.249168006252,10,49,51,92,93,95
NodeId:73	0.0442074874734,0.0517905444236,41,50,51,84,92
NodeId:74	0.0334582542114,0.039148173777,35,54,84
NodeId:75	0.0349364995274,0.0409124447721,29,34,37,51,54,65,85,91
NodeId:76	0.0935078048476,0.11003419267,9
NodeId:77	0.055623727377,0.0652574931392,0,5,32,37,40,41,44,69,79,83,85,86,87
NodeId:78	0.172496182289,0.203018302065,13,19,34,82
NodeId:79	0.096914791972,0.113923049662,0,26,43,74,90
NodeId:8	0.0223171905173,0.0260008371945,13,41,59,87
NodeId:80	0.119717485102,0.140801949309,31,79
NodeId:81	0.0493635596806,0.0578599361211,5,21,26,78,93,96
NodeId:82	0.0674879289405,0.0793517873395,2,23,24,32,52,53
NodeId:83	0.131220608409,0.154377817306,1,4,10,18,27,29,70
NodeId:84	0.106095758,0.124757884438,9,21
NodeId:85	0.0657276338049,0.0772145822281,32,54,57,64,69,90,99
NodeId:86	0.141311385061,0.166330004643,11,60,71,95
NodeId:87	0.0363462731598,0.0424963571709,8,19,20,27,30,47,54,63
NodeId:88	0.136888623136,0.161162740493,21,26,44,50,55,82
NodeId:89	0.0495401646635,0.0580875563299,16,32,35,38,40,57,58
NodeId:9	0.179770008255,0.211640858868,33,39,41,43,51,69,80
NodeId:90	0.0929621631578,0.109334423994,1,26,52,93,96
NodeId:91	0.0678746427541,0.0796758335343,12,24,66,81,95
NodeId:92	0.170273471793,0.200398763705,22,34,39,57
NodeId:93	0.0978800889541,0.11513899405,15,43,66,75
NodeId:94	0.107805440371,0.126817145574,4,17,20,90
NodeId:95	0.149120924531,0.175548908025,76,88
NodeId:96	0.0755871408249,0.0887730653205,12,13,24,31,60,74
NodeId:97	0.115571695855,0.136067330582,37,50,62,89
NodeId:98	0.108640586237,0.127671788965,5,13,15,28,49,66,92,94
NodeId:99	0.11623100511,0.136640724695,1,83
