NodeId:0	0.191267778219,0.227007866921,1,15,66,96
NodeId:1	0.348269678975,0.414229217862,37,72
NodeId:10	0.241942040711,0.287918203538,4,6,38,67,78,80
NodeId:11	0.170070275395,0.201567693268,6,28,40,49,51,67,89
NodeId:12	0.253926264722,0.301352321995,24,28,50,55,67,85,98
NodeId:13	0.236858532073,0.28072869131,25,32,33,35,76
NodeId:14	0.0519096051447,0.0614287530815,36,39,44,62,98
NodeId:15	0.344689365061,0.409071696457,47,70,79,95,97
NodeId:16	0.158218784402,0.187600599651,45,52,67,80
NodeId:17	0.126158720226,0.149562723983,18,39,41,53,63,72,79,99
NodeId:18	0.272928020439,0.323755635237,52,61,62,87
NodeId:19	0.238240984725,0.282978551373,27,33,37,45,92
NodeId:2	0.274984798152,0.32656605574,31,63
NodeId:20	0.32123908746,0.38084001284,7,94
NodeId:21	3.54035757233,3.69828387171
NodeId:22	0.29009983899,0.345007529097,25,65,72,83,97
NodeId:23	0.136764841466,0.161343257264,92,99
NodeId:24	0.261593948424,0.310785808612,9,10,18,38,55,93,94
NodeId:25	0.210324499564,0.250477203181,63
NodeId:26	0.22062166315,0.262575335121,15,23,28,64
NodeId:27	0.375510256033,0.447162245435,32,68,70,92
NodeId:28	0.231029327088,0.274031538927,21,25,72
NodeId:29	0.239154045382,0.284723961889,18,23,31,36,86
NodeId:3	0.20007721584,0.238207992162,30,42,45,86
NodeId:30	0.224545794752,0.267383230352,80,84,95
NodeId:31	0.644375204927,0.763982580219,29,36,46,49,54,62,70,85
NodeId:32	0.26095703106,0.310148146737,2,3,6,27,47,69,71,91
NodeId:33	0.278723502373,0.33123068866,2,56,58,86
NodeId:34	0.275204885417,0.327120857529,0,7,77,78
NodeId:35	0.0984669799192,0.11658175358,12,18,62,64,65,66,83,91
NodeId:36	0.194642083424,0.23164270544,12,20,30,34,61,75,77,99
NodeId:37	0.379289721131,0.450016062767,40,59,71,97
NodeId:38	0.317056073301,0.376320310898,30,41,98
NodeId:39	0.323733201186,0.38585503493,31,43,68,71,92
NodeId:4	0.197781842704,0.234700673826,24,42,46,86
NodeId:40	0.188105470334,0.223022185874,7,71,72,73
NodeId:41	0.2454690559,0.291326410495,44,45,49,66
NodeId:42	0.134564597846,0.160776946119,36,45,70,89,99
NodeId:43	0.259062003541,0.307888002241,4,21,24,56,67,68,80,86,90
NodeId:44	0.148814089295,0.176960206589,17,37,38
NodeId:45	0.414084748649,0.49302018022,18,53,58,83,86,90
NodeId:46	0.220533609266,0.26194803929,78
NodeId:47	0.116194161764,0.137733726369,5,14,52,70,73
NodeId:48	0.00151515151515,0.00151515151515,18,39,61,79,89
NodeId:49	0.33121621754,0.393965741987,2,29,31,39,84
NodeId:5	0.0963065990141,0.114012607559,2,9,24,50,61,81,98
NodeId:50	0.219170372837,0.260776755794,0,20,46,68
NodeId:51	0.255457843242,0.303834560505,38,45,61,71
NodeId:52	0.215994984592,0.256341936106,27,31,64,91
NodeId:53	0.145279794333,0.172177792291,2,13,65,78,95
NodeId:54	0.162359804988,0.192852836121,12,69,77
NodeId:55	0.171682369748,0.204168762965,10,19,22,25,51,58,62
NodeId:56	0.127959704325,0.151622002208,29,36,80,96,98
NodeId:57	0.221096268174,0.26296702373,86,94,96,98
NodeId:58	0.228711626006,0.272041773488,16,38,71,73,78
NodeId:59	0.111844321526,0.132782188056,10,24,69,92
NodeId:6	0.170272630329,0.201884081738,15,22,58,80
NodeId:60	0.134080027496,0.158704236158,14,49,53,56,65
NodeId:61	0.173592069382,0.205861426031,6,9,18,20,99
NodeId:62	0.279099979965,0.331910102008,11,22,33,91
NodeId:63	0.499297939281,0.592395189884,3,64,65,72
NodeId:64	0.275768268017,0.327145789627,3,27,28,31,33,39,78
NodeId:65	0.266507869484,0.31684540574,27,88
NodeId:66	0.265985221091,0.315918911395,8,19,72,81,83,98
NodeId:67	0.172315861428,0.204647563068,2,26,30,31,32,45
NodeId:68	0.246625856537,0.292709583681,1,6,19,28,40,81,85
NodeId:69	0.225830411027,0.268111157245,12,22,42,46,55,72,88
NodeId:7	0.280277553695,0.334061311911,12,21,38,57,93
NodeId:70	0.349894404727,0.416512837726,20,63,99
NodeId:71	0.451920548684,0.536372896243,15,16,45,84,97
NodeId:72	0.58033488411,0.690249544016,10,49,51,92,93,95
NodeId:73	0.118569200989,0.14086035495,41,50,51,84,92
NodeId:74	0.0892108013472,0.105722865348,35,54,84
NodeId:75	0.0938013069592,0.111253684873,29,34,37,51,54,65,85,91
NodeId:76	0.256170676381,0.303148894875,9
NodeId:77	0.150282008094,0.178472913692,0,5,32,37,40,41,44,69,79,83,85,86,87
NodeId:78	0.472042177177,0.562126329544,13,19,34,82
NodeId:79	0.264242317853,0.312676476793,0,26,43,74,90
NodeId:8	0.0584539118902,0.0691800314007,13,41,59,87
NodeId:80	0.326804069151,0.389098776332,31,79
NodeId:81	0.132541226205,0.157605358639,5,21,26,78,93,96
NodeId:82	0.184246801251,0.219171936825,2,23,24,32,52,53
NodeId:83	0.358546713242,0.427371610956,1,4,10,18,27,29,70
NodeId:84	0.289332374137,0.34395975444,9,21
NodeId:85	0.178314476046,0.211749235748,32,54,57,64,69,90,99
NodeId:86	0.387270550114,0.461290480956,11,60,71,95
NodeId:87	0.096683363494,0.114669000101,8,19,20,27,30,47,54,63
NodeId:88	0.375662451106,0.446680974409,21,26,44,50,55,82
NodeId:89	0.133572871408,0.158719968505,16,32,35,38,40,57,58
NodeId:9	0.491953715042,0.585713693284,33,39,41,43,51,69,80
NodeId:90	0.253810240132,0.302073776257,1,26,52,93,96
NodeId:91	0.183679465541,0.216960005441,12,24,66,81,95
NodeId:92	0.466137455442,0.554377164251,22,34,39,57
NodeId:93	0.26750917114,0.318466437605,15,43,66,75
NodeId:94	0.294370831665,0.350611028285,4,17,20,90
NodeId:95	0.408778926732,0.486897993749,76,88
NodeId:96	0.205090523925,0.24381634431,12,13,24,31,60,74
NodeId:97	0.316520425559,0.376432876495,37,50,62,89
NodeId:98	0.295430709676,0.351810874265,5,13,15,28,49,66,92,94
NodeId:99	0.316642013881,0.375822077643,1,83
