NodeId:0	0.740582986566,0.740727846223,1,15,66,96
NodeId:1	1.2282972219,1.2285618985,37,72
NodeId:10	0.891382766881,0.891566273448,4,6,38,67,78,80
NodeId:11	0.649186544277,0.649315222566,6,28,40,49,51,67,89
NodeId:12	0.997469824262,0.997662127889,24,28,50,55,67,85,98
NodeId:13	0.90747787217,0.907657120522,25,32,33,35,76
NodeId:14	0.330160509805,0.330198846479,36,39,44,62,98
NodeId:15	1.21175335858,1.21201527942,47,70,79,95,97
NodeId:16	0.624650421212,0.624770141662,45,52,67,80
NodeId:17	0.55252716186,0.552622011415,18,39,41,53,63,72,79,99
NodeId:18	1.04141450083,1.04162111857,52,61,62,87
NodeId:19	0.883310221874,0.883490814636,27,33,37,45,92
NodeId:2	1.015424069,1.01563271782,31,63
NodeId:20	1.15036666326,1.15061033436,7,94
NodeId:21	9.02850341168,9.00996577692
NodeId:22	1.0463750712,1.04659539432,25,65,72,83,97
NodeId:23	0.570364123153,0.570467193156,92,99
NodeId:24	1.01933862213,1.01953679746,9,10,18,38,55,93,94
NodeId:25	0.813855744789,0.814015130762,63
NodeId:26	0.834969700013,0.835136943367,15,23,28,64
NodeId:27	1.33266889523,1.3329542077,32,68,70,92
NodeId:28	0.878050453116,0.878225535627,21,25,72
NodeId:29	0.864491312028,0.864673001262,18,23,31,36,86
NodeId:3	0.743419976532,0.743571882498,30,42,45,86
NodeId:30	0.869529742775,0.8696997226,80,84,95
NodeId:31	2.13822768387,2.1387182252,29,36,46,49,54,62,70,85
NodeId:32	0.977994783538,0.978192517527,2,3,6,27,47,69,71,91
NodeId:33	0.996283009977,0.996494888715,2,56,58,86
NodeId:34	0.968151273178,0.968360216459,0,7,77,78
NodeId:35	0.497247294635,0.497321014511,12,18,62,64,65,66,83,91
NodeId:36	0.769898353055,0.770045643881,12,20,30,34,61,75,77,99
NodeId:37	1.31543102366,1.31571932311,40,59,71,97
NodeId:38	1.16255753703,1.16279784836,30,41,98
NodeId:39	1.15315646382,1.15340246252,31,43,68,71,92
NodeId:4	0.742091677885,0.742241354076,24,42,46,86
NodeId:40	0.728417374637,0.728559907746,7,71,72,73
NodeId:41	0.94711782316,0.947303743893,44,45,49,66
NodeId:42	0.572901101225,0.573002556814,36,45,70,89,99
NodeId:43	0.91954243972,0.919739178904,4,21,24,56,67,68,80,86,90
NodeId:44	0.628351903371,0.628464178805,17,37,38
NodeId:45	1.44201918306,1.44233400667,18,53,58,83,86,90
NodeId:46	0.818205784965,0.818373180522,78
NodeId:47	0.511611943091,0.511699492779,5,14,52,70,73
NodeId:48	0.15,0.15,18,39,61,79,89
NodeId:49	1.14348103626,1.14373316546,2,29,31,39,84
NodeId:5	0.480962523925,0.481034566315,2,9,24,50,61,81,98
NodeId:50	0.82842158205,0.8285877522,0,20,46,68
NodeId:51	0.925688571623,0.925882534328,38,45,61,71
NodeId:52	0.842999443107,0.843162961527,27,31,64,91
NodeId:53	0.602121448164,0.602231013253,2,13,65,78,95
NodeId:54	0.682020355816,0.682143106176,12,69,77
NodeId:55	0.681770965969,0.681900872785,10,19,22,25,51,58,62
NodeId:56	0.54179101567,0.541887605017,29,36,80,96,98
NodeId:57	0.81757512416,0.817742726575,86,94,96,98
NodeId:58	0.866368669789,0.866541970651,16,38,71,73,78
NodeId:59	0.502906593374,0.502990856298,10,24,69,92
NodeId:6	0.69222561521,0.692354251761,15,22,58,80
NodeId:60	0.54796714841,0.548068211959,14,49,53,56,65
NodeId:61	0.733823216099,0.733954161763,6,9,18,20,99
NodeId:62	1.01790009635,1.01811219608,11,22,33,91
NodeId:63	1.72551275249,1.72589211495,3,64,65,72
NodeId:64	1.01054897851,1.01075838803,3,27,28,31,33,39,78
NodeId:65	0.989301598329,0.989503872661,27,88
NodeId:66	1.01159486065,1.01179653659,8,19,72,81,83,98
NodeId:67	0.695923239801,0.696053556075,2,26,30,31,32,45
NodeId:68	0.892270340893,0.892457265153,1,6,19,28,40,81,85
NodeId:69	0.882370740924,0.882541787263,12,22,42,46,55,72,88
NodeId:7	0.999604918497,0.9998180368,12,21,38,57,93
NodeId:70	1.20539341533,1.20565943631,20,63,99
NodeId:71	1.51132058634,1.51166446204,15,16,45,84,97
NodeId:72	1.929681367,1.93012359117,10,49,51,92,93,95
NodeId:73	0.539120029179,0.53920926165,41,50,51,84,92
NodeId:74	0.432604528856,0.432671493498,35,54,84
NodeId:75	0.435102215481,0.435172525086,29,34,37,51,54,65,85,91
NodeId:76	0.894496494556,0.894690961078,9
NodeId:77	0.630867775743,0.63098115553,0,5,32,37,40,41,44,69,79,83,85,86,87
NodeId:78	1.63335348795,1.63371260697,13,19,34,82
NodeId:79	0.984947348857,0.985147547394,0,26,43,74,90
NodeId:8	0.344974233286,0.345017586886,13,41,59,87
NodeId:80	1.18429829793,1.18454635876,31,79
NodeId:81	0.587392929864,0.587492908656,5,21,26,78,93,96
NodeId:82	0.676823522705,0.676963146867,2,23,24,32,52,53
NodeId:83	1.27175010954,1.27202261389,1,4,10,18,27,29,70
NodeId:84	1.06208834905,1.06230789423,9,21
NodeId:85	0.694246850114,0.694382018277,32,54,57,64,69,90,99
NodeId:86	1.33070658314,1.33100095346,11,60,71,95
NodeId:87	0.485917185079,0.485989558611,8,19,20,27,30,47,54,63
NodeId:88	1.2678997184,1.26818536746,21,26,44,50,55,82
NodeId:89	0.579296241234,0.579396815982,16,32,35,38,40,57,58
NodeId:9	1.66895261649,1.66932765354,33,39,41,43,51,69,80
NodeId:90	0.917450117491,0.9176427886,1,26,52,93,96
NodeId:91	0.748531364561,0.748670213036,12,24,66,81,95
NodeId:92	1.61344747813,1.61380194703,22,34,39,57
NodeId:93	0.956431574628,0.956634662676,15,43,66,75
NodeId:94	1.05606960626,1.05629322917,4,17,20,90
NodeId:95	1.3883826054,1.38869360957,76,88
NodeId:96	0.812523325694,0.812678440936,12,13,24,31,60,74
NodeId:97	1.07053712924,1.07077829032,37,50,62,89
NodeId:98	1.12437828636,1.12460223928,5,13,15,28,49,66,92,94
NodeId:99	1.18108596108,1.18132607274,1,83
