NodeId:0	0.740727846223,0.740901043086,1,15,66,96
NodeId:1	1.2285618985,1.22887835034,37,72
NodeId:10	0.891566273448,0.891785678108,4,6,38,67,78,80
NodeId:11	0.649315222566,0.649469072974,6,28,40,49,51,67,89
NodeId:12	0.997662127889,0.997892050415,24,28,50,55,67,85,98
NodeId:13	0.907657120522,0.907871433714,25,32,33,35,76
NodeId:14	0.330198846479,0.330244682517,36,39,44,62,98
NodeId:15	1.21201527942,1.21232843664,47,70,79,95,97
NodeId:16	0.624770141662,0.624913281657,45,52,67,80
NodeId:17	0.552622011415,0.552735416312,18,39,41,53,63,72,79,99
NodeId:18	1.04162111857,1.04186815492,52,61,62,87
NodeId:19	0.883490814636,0.883706735226,27,33,37,45,92
NodeId:2	1.01563271782,1.01588218234,31,63
NodeId:20	1.15061033436,1.15090167315,7,94
NodeId:21	9.00996577692,8.98780182975
NodeId:22	1.04659539432,1.04685881691,25,65,72,83,97
NodeId:23	0.570467193156,0.570590425588,92,99
NodeId:24	1.01953679746,1.01977373936,9,10,18,38,55,93,94
NodeId:25	0.814015130762,0.814205695402,63
NodeId:26	0.835136943367,0.835336902356,15,23,28,64
NodeId:27	1.3329542077,1.33329533398,32,68,70,92
NodeId:28	0.878225535627,0.878434867704,21,25,72
NodeId:29	0.864673001262,0.86489023226,18,23,31,36,86
NodeId:3	0.743571882498,0.743753503487,30,42,45,86
NodeId:30	0.8696997226,0.869902953878,80,84,95
NodeId:31	2.1387182252,2.13930472662,29,36,46,49,54,62,70,85
NodeId:32	0.978192517527,0.978428932061,2,3,6,27,47,69,71,91
NodeId:33	0.996494888715,0.996748215292,2,56,58,86
NodeId:34	0.968360216459,0.968610033403,0,7,77,78
NodeId:35	0.497321014511,0.497409155155,12,18,62,64,65,66,83,91
NodeId:36	0.770045643881,0.770221747508,12,20,30,34,61,75,77,99
NodeId:37	1.31571932311,1.31606401992,40,59,71,97
NodeId:38	1.16279784836,1.16308516941,30,41,98
NodeId:39	1.15340246252,1.15369658354,31,43,68,71,92
NodeId:4	0.742241354076,0.742420310246,24,42,46,86
NodeId:40	0.728559907746,0.728730322887,7,71,72,73
NodeId:41	0.947303743893,0.947526034047,44,45,49,66
NodeId:42	0.573002556814,0.573123859101,36,45,70,89,99
NodeId:43	0.919739178904,0.919974403951,4,21,24,56,67,68,80,86,90
NodeId:44	0.628464178805,0.628598417246,17,37,38
NodeId:45	1.44233400667,1.44271041576,18,53,58,83,86,90
NodeId:46	0.818373180522,0.818573321438,78
NodeId:47	0.511699492779,0.511804168804,5,14,52,70,73
NodeId:48	0.15,0.15,18,39,61,79,89
NodeId:49	1.14373316546,1.14403461633,2,29,31,39,84
NodeId:5	0.481034566315,0.48112070185,2,9,24,50,61,81,98
NodeId:50	0.8285877522,0.828786428217,0,20,46,68
NodeId:51	0.925882534328,0.926114440749,38,45,61,71
NodeId:52	0.843162961527,0.843358466673,27,31,64,91
NodeId:53	0.602231013253,0.602362011242,2,13,65,78,95
NodeId:54	0.682143106176,0.682289868563,12,69,77
NodeId:55	0.681900872785,0.682056191543,10,19,22,25,51,58,62
NodeId:56	0.541887605017,0.542003088931,29,36,80,96,98
NodeId:57	0.817742726575,0.81794311592,86,94,96,98
NodeId:58	0.866541970651,0.866749172585,16,38,71,73,78
NodeId:59	0.502990856298,0.503091602561,10,24,69,92
NodeId:6	0.692354251761,0.692508051853,15,22,58,80
NodeId:60	0.548068211959,0.548189045781,14,49,53,56,65
NodeId:61	0.733954161763,0.734110722275,6,9,18,20,99
NodeId:62	1.01811219608,1.01836578636,11,22,33,91
NodeId:63	1.72589211495,1.72634568874,3,64,65,72
NodeId:64	1.01075838803,1.01100876149,3,27,28,31,33,39,78
NodeId:65	0.989503872661,0.989745714639,27,88
NodeId:66	1.01179653659,1.01203766377,8,19,72,81,83,98
NodeId:67	0.696053556075,0.696209364129,2,26,30,31,32,45
NodeId:68	0.892457265153,0.892680755038,1,6,19,28,40,81,85
NodeId:69	0.882541787263,0.882746293846,12,22,42,46,55,72,88
NodeId:7	0.9998180368,1.00007284341,12,21,38,57,93
NodeId:70	1.20565943631,1.20597749597,20,63,99
NodeId:71	1.51166446204,1.51207560576,15,16,45,84,97
NodeId:72	1.93012359117,1.93065232176,10,49,51,92,93,95
NodeId:73	0.53920926165,0.539315949621,41,50,51,84,92
NodeId:74	0.432671493498,0.432751558012,35,54,84
NodeId:75	0.435172525086,0.435256588238,29,34,37,51,54,65,85,91
NodeId:76	0.894690961078,0.894923468955,9
NodeId:77	0.63098115553,0.631116714271,0,5,32,37,40,41,44,69,79,83,85,86,87
NodeId:78	1.63371260697,1.63414197624,13,19,34,82
NodeId:79	0.985147547394,0.985386908844,0,26,43,74,90
NodeId:8	0.345017586886,0.345069421483,13,41,59,87
NodeId:80	1.18454635876,1.18484294484,31,79
NodeId:81	0.587492908656,0.587612445122,5,21,26,78,93,96
NodeId:82	0.676963146867,0.677130084147,2,23,24,32,52,53
NodeId:83	1.27202261389,1.27234842547,1,4,10,18,27,29,70
NodeId:84	1.06230789423,1.06257038654,9,21
NodeId:85	0.694382018277,0.69454362779,32,54,57,64,69,90,99
NodeId:86	1.33100095346,1.33135290807,11,60,71,95
NodeId:87	0.485989558611,0.486076089584,8,19,20,27,30,47,54,63
NodeId:88	1.26818536746,1.26852689588,21,26,44,50,55,82
NodeId:89	0.579396815982,0.579517065179,16,32,35,38,40,57,58
NodeId:9	1.66932765354,1.66977605352,33,39,41,43,51,69,80
NodeId:90	0.9176427886,0.917873150804,1,26,52,93,96
NodeId:91	0.748670213036,0.748836223249,12,24,66,81,95
NodeId:92	1.61380194703,1.61422575687,22,34,39,57
NodeId:93	0.956634662676,0.956877479594,15,43,66,75
NodeId:94	1.05629322917,1.05656059543,4,17,20,90
NodeId:95	1.38869360957,1.38906545258,76,88
NodeId:96	0.812678440936,0.812863898783,12,13,24,31,60,74
NodeId:97	1.07077829032,1.0710666269,37,50,62,89
NodeId:98	1.12460223928,1.12487000095,5,13,15,28,49,66,92,94
NodeId:99	1.18132607274,1.18161315463,1,83
