NodeId:0	0.26892714579,0.319846107558,1,15,66,96
NodeId:1	0.491301645845,0.5869940436,37,72
NodeId:10	0.343257006594,0.408456533985,4,6,38,67,78,80
NodeId:11	0.23885888082,0.287485694726,6,28,40,49,51,67,89
NodeId:12	0.358863716483,0.426247514927,24,28,50,55,67,85,98
NodeId:13	0.333717370783,0.396137710674,25,32,33,35,76
NodeId:14	0.073311347752,0.084612175146,36,39,44,62,98
NodeId:15	0.487495292849,0.580888210947,47,70,79,95,97
NodeId:16	0.223224555199,0.262381678412,45,52,67,80
NodeId:17	0.177462695532,0.213755565689,18,39,41,53,63,72,79,99
NodeId:18	0.384896049922,0.456187728693,52,61,62,87
NodeId:19	0.336616774968,0.401419309752,27,33,37,45,92
NodeId:2	0.387594966878,0.459997629513,31,63
NodeId:20	0.455101070702,0.541956803659,7,94
NodeId:21	3.7959759229,3.8074345778
NodeId:22	0.411584754464,0.489869428125,25,65,72,83,97
NodeId:23	0.191622990533,0.2317956651,92,99
NodeId:24	0.369837506742,0.445789747708,9,10,18,38,55,93,94
NodeId:25	0.297461162518,0.354985863087,63
NodeId:26	0.309872135865,0.370001948616,15,23,28,64
NodeId:27	0.533880918779,0.627624994708,32,68,70,92
NodeId:28	0.327379064091,0.389889971886,21,25,72
NodeId:29	0.337146813226,0.40005358286,18,23,31,36,86
NodeId:3	0.287135269419,0.343741065291,30,42,45,86
NodeId:30	0.318222291698,0.375426814057,80,84,95
NodeId:31	0.909700361297,1.08842953314,29,36,46,49,54,62,70,85
NodeId:32	0.366082927048,0.43990758079,2,3,6,27,47,69,71,91
NodeId:33	0.393841777225,0.474361636353,2,56,58,86
NodeId:34	0.389105623474,0.461352167192,0,7,77,78
NodeId:35	0.138066102859,0.162985179666,12,18,62,64,65,66,83,91
NodeId:36	0.273445618696,0.326702556527,12,20,30,34,61,75,77,99
NodeId:37	0.535039384678,0.635644150789,40,59,71,97
NodeId:38	0.447714303431,0.532575311876,30,41,98
NodeId:39	0.457203210901,0.549057532543,31,43,68,71,92
NodeId:4	0.280759249318,0.332174762376,24,42,46,86
NodeId:40	0.265615342865,0.315104911259,7,71,72,73
NodeId:41	0.346379302274,0.416285621611,44,45,49,66
NodeId:42	0.191940079365,0.225423525113,36,45,70,89,99
NodeId:43	0.365172528049,0.441637974243,4,21,24,56,67,68,80,86,90
NodeId:44	0.209577571283,0.246080120945,17,37,38
NodeId:45	0.587399677078,0.688608215007,18,53,58,83,86,90
NodeId:46	0.312321591715,0.372034491073,78
NodeId:47	0.164627323953,0.194664241624,5,14,52,70,73
NodeId:48	0.00151515151515,0.00151515151515,18,39,61,79,89
NodeId:49	0.471177327424,0.55309518263,2,29,31,39,84
NodeId:5	0.136108221586,0.162001772686,2,9,24,50,61,81,98
NodeId:50	0.308384350749,0.366027533311,0,20,46,68
NodeId:51	0.361022420031,0.431589247936,38,45,61,71
NodeId:52	0.302609559287,0.363262885463,27,31,64,91
NodeId:53	0.20395610184,0.240788022119,2,13,65,78,95
NodeId:54	0.230185483068,0.270621094344,12,69,77
NodeId:55	0.242968261374,0.287049181502,10,19,22,25,51,58,62
NodeId:56	0.182730527524,0.209233242086,29,36,80,96,98
NodeId:57	0.313391373316,0.368953441483,86,94,96,98
NodeId:58	0.323031164729,0.380413255041,16,38,71,73,78
NodeId:59	0.157668670142,0.189379007909,10,24,69,92
NodeId:6	0.241529876419,0.287907203705,15,22,58,80
NodeId:60	0.187805626437,0.227666324475,14,49,53,56,65
NodeId:61	0.244809125264,0.293863180813,6,9,18,20,99
NodeId:62	0.393352215245,0.469820621031,11,22,33,91
NodeId:63	0.706374994444,0.855199431421,3,64,65,72
NodeId:64	0.392756356822,0.470647538677,3,27,28,31,33,39,78
NodeId:65	0.380423113397,0.45170720153,27,88
NodeId:66	0.375648111631,0.448600224503,8,19,72,81,83,98
NodeId:67	0.243513790978,0.285407171964,2,26,30,31,32,45
NodeId:68	0.347716347374,0.41624594811,1,6,19,28,40,81,85
NodeId:69	0.317752312481,0.385352589757,12,22,42,46,55,72,88
NodeId:7	0.396843922241,0.476306543332,12,21,38,57,93
NodeId:70	0.494141342943,0.590436500432,20,63,99
NodeId:71	0.637519104071,0.764200400734,15,16,45,84,97
NodeId:72	0.82647996281,0.981648746027,10,49,51,92,93,95
NodeId:73	0.166238119591,0.199850328873,41,50,51,84,92
NodeId:74	0.125444987973,0.148526323507,35,54,84
NodeId:75	0.131643693275,0.159490500357,29,34,37,51,54,65,85,91
NodeId:76	0.362110943052,0.431052316752,9
NodeId:77	0.210940610405,0.25155151482,0,5,32,37,40,41,44,69,79,83,85,86,87
NodeId:78	0.668576620082,0.793076734032,13,19,34,82
NodeId:79	0.373434265898,0.442036522779,0,26,43,74,90
NodeId:8	0.0826878461046,0.0991959368683,13,41,59,87
NodeId:80	0.459722041541,0.550003329091,31,79
NodeId:81	0.187377356498,0.227123750069,5,21,26,78,93,96
NodeId:82	0.258814013851,0.306870464829,2,23,24,32,52,53
NodeId:83	0.50566080546,0.60483562547,1,4,10,18,27,29,70
NodeId:84	0.407883345572,0.480104161066,9,21
NodeId:85	0.252857031775,0.299561899813,32,54,57,64,69,90,99
NodeId:86	0.548071510649,0.647091046286,11,60,71,95
NodeId:87	0.135981779493,0.165844669348,8,19,20,27,30,47,54,63
NodeId:88	0.533535907358,0.626612162501,21,26,44,50,55,82
NodeId:89	0.187698020091,0.223383029902,16,32,35,38,40,57,58
NodeId:9	0.695713885993,0.82151169883,33,39,41,43,51,69,80
NodeId:90	0.358524660601,0.422542187264,1,26,52,93,96
NodeId:91	0.259548618107,0.306439481432,12,24,66,81,95
NodeId:92	0.661140869881,0.787781899684,22,34,39,57
NodeId:93	0.379693818218,0.449018330017,15,43,66,75
NodeId:94	0.417257696963,0.499881614504,4,17,20,90
NodeId:95	0.576239506652,0.6900056017,76,88
NodeId:96	0.287462743269,0.344355018252,12,13,24,31,60,74
NodeId:97	0.448532400325,0.530326194504,37,50,62,89
NodeId:98	0.415749786235,0.497662920998,5,13,15,28,49,66,92,94
NodeId:99	0.449396440013,0.531761289052,1,83
